104 1
5.182200258128185
5.3917930040204585
5.259068418015608
5.874488685403642
5.6416027841156415
5.3062197287528665
5.846348471664664
5.824265270636509
5.513807201770064
5.315116299022011
5.887844703381985
5.028513735650775
5.62630759153346
5.446557426052563
5.987661900225117
5.942285681832495
5.109219005634333
5.055314587686117
5.231952547212536
5.7490187377267
5.535838890798765
5.504243420367879
5.371107423494265
5.57948977880085
5.419883379724381
5.718641945095275
5.320775177503357
5.963465210834889
5.770268019946129
5.1594590114843
5.3636145955134715
5.790214237570259
5.62091680368706
5.745234322550955
5.8712495888735186
5.551775452735443
5.720908904013684
5.723301820736041
5.50794431161472
5.677893286193827
5.942045657491341
5.225639981021989
5.116087185542886
5.849760544546003
5.2112058355131285
5.089368105282206
5.492068788519326
5.569159838693293
5.827570034424027
5.508427566975773
5.873103624459058
5.536973686211142
5.565534129454737
5.237996620731821
5.7389011048289404
5.774468889103686
5.384745780739454
5.663298499929614
5.788298405721859
5.661474445045251
5.751217391048677
5.78380859267919
5.108947624231618
5.723916907157995
5.9827942847381514
5.145120081406417
5.7736067834664135
5.454275351738925
5.256901917124224
5.054176836047802
5.845936801027133
5.399193033599876
5.098320670879948
5.120188777535982
5.21215930351477
5.94694602783548
5.602368062111017
5.273356572970769
5.790616733264404
5.859108805020901
5.254570025230423
5.090052483304168
5.161715998779809
5.771945177343559
5.680461316513076
5.258486801547415
5.956122820828403
5.2348596347261065
5.740951528151537
5.796917899897275
5.692923273271636
5.349552122429506
5.800064496699391
5.931919624508011
5.079174749686999
5.318081165960475
5.657419624308531
5.565953961508343
5.575692550912031
5.959633658982647
89
243535
3454367565432
45656543567586655443567554

