560 2
-2.0068101549932766 -2.3726800169362146
-2.1983246276436557 -1.501958026913893
-1.6643608054952708 -2.3059012939717176
-2.4122329302332206 -2.1561378307614545
-2.436079206738012 -1.5036577521786596
-1.748779564534212 -2.402254545963977
-2.169720598746834 -1.7300381529800575
-1.7782856945029617 -2.0434779374319643
-1.9994702855182949 -1.519653022612632
-1.6542094966386096 -2.184211094782624
-2.3384920975015904 0.42911191451236963
-1.6565453967197237 -0.252432986803077
-1.917175513577872 -0.46534714639579233
-2.458307839725725 0.4170729235925513
-1.9489269381421885 0.4126277487239888
-1.9265651284673704 0.29169265866482064
-1.7806765611387012 -0.037025759411714376
-1.5456498878684801 -0.43648030554695716
-1.7802095841849295 0.3543437114934501
-2.0891112176106366 0.2414742040387864
-2.3212664273638266 0.27530029930625977
-1.6576680442539917 0.001143978517466393
-1.9425987729425387 -0.343281666878406
-2.331131283608692 -0.38217019886637416
-2.1285579930587315 0.18850144151330628
-2.0487764644548796 0.47117333796763317
-2.488593554357373 -0.4928248909227205
-1.8360795128567449 -0.12480426605700112
-1.689760689648002 -0.22119474144137852
-2.2250531252836048 0.30278974546709625
-1.6256225200284327 0.007508432564338752
-1.5272057372601626 -0.19095689710051345
-1.7154613026347598 0.3260603841306613
-2.2654431069751504 -0.39430307989888413
-2.026200890948691 0.47149429250220076
-1.582117897383257 -0.4772363189449146
-1.6992584293806823 0.01697490583352268
-1.9470256463828357 0.032385413779486005
-1.7900528883671085 0.4601492109665879
-1.5036587074935597 0.06377445661547865
-1.7549450441867631 2.020595319455053
-1.7959430380321648 1.719717442008153
-1.6808591466793739 1.6052065008611878
-1.5643171622956475 2.1058457690692562
-1.9115962030387097 1.8489304770848416
-2.002913753230336 1.9010033522409224
-1.7528866619476262 2.289654131349306
-2.158588147408813 2.199520300778848
-1.9800542469531992 2.2624165750764424
-2.4032151281377616 1.5366010621726782
-1.9508633631516192 1.8759382177837474
-1.5415712923748506 2.033489590621331
-2.146831769236521 2.4746457437182117
-2.041899767031834 2.080096828788543
-1.6275081454499287 1.9094695700959448
-2.0851707461817135 2.033717809447771
-2.472361273323674 2.4243741706943283
-1.9411106234850508 2.1602100811730396
-1.9574002581026906 1.9125909526723386
-2.207722665952801 1.5324955469078523
-2.491511606956635 1.5934393075020012
-1.64970646295775 2.420273964844732
-1.7246397126039277 2.3795505381370066
-2.1767832992721337 1.566672936000011
-1.7364633707613168 1.8363371979819392
-2.1349870000215105 2.4068065933919685
-1.6947439847099124 1.8665038200740713
-1.5234855020904368 2.125731403395289
-2.4224664564272635 2.0327395497579346
-2.3324033858490747 2.1583731399520554
-1.6741009249073484 1.666880567152892
-1.8291975170300623 1.5834688285222787
-2.20828752262089 1.9107249725078779
-2.2159010549551628 2.056363519112533
-1.6674818329364935 1.9221236833588884
-1.706910272111147 2.4944992883422907
-1.6210731309673658 1.5076863702552568
-1.6515874711726548 1.6868801053780993
-1.6376724141894603 2.400970179072612
-2.235568035821073 1.6219993097351688
-2.459776824887898 1.6133830167958227
-2.36022961573124 2.367727053917997
-2.2024621997841267 1.6822102234732783
-1.8283487060686574 1.5112233724253152
-2.3073169587124736 2.2875384312552316
-2.2074186977191994 2.0043980366129297
-2.2811731392224854 2.4178480604076573
-2.1184867164782055 1.5076096499975298
-1.8009124509944474 2.1381779168166912
-2.073876035839068 2.0411374286473283
-1.8892523222970214 1.5177434353699735
-2.1644979183568434 1.9242991888734289
-1.9496573664551324 2.1618274895927465
-2.497363635454619 2.1747970444766245
-1.6890750759828776 2.319695970769116
-1.9439630325628177 2.366351208832815
-2.147023814542628 1.7206409863911998
-1.6150848937269071 1.8096603659231665
-2.1992122568831642 1.9742241249918873
-1.860513857096495 1.9984848499135257
0.18490006158986105 -2.387926490171628
0.45361050750999354 -2.2558610358099056
-0.2152063145137113 -1.8110439805063692
0.2546165927930275 -1.7270561787067544
0.09678355336186784 -1.772119830210697
-0.3287010538011904 -2.024231514037197
0.0017384045744187615 -2.144407554538443
-0.07587123307343357 -2.3481487691818694
-0.04869803867969924 -1.8290155862054314
-0.05215950406275194 -1.6260531036031105
-0.035394723800507566 -1.7464269466384914
-0.46941711177373313 -2.36852810004167
0.12306187419531522 -1.8628908341375796
0.2847197393864126 -2.4233594031015757
-0.3474293466081664 -2.1827191290289236
0.40536190165935937 -1.871220608327538
0.32860280853554447 -1.6054400226048906
0.1289960699568704 -2.412182441814725
-0.028543865165346682 -1.6644538639680229
0.4742015591292298 -1.7751187426842951
0.2964175572575819 -2.442074778508718
0.06908785661870609 -2.305286911221915
0.3378800686956759 -1.5472123482441054
0.46796691912496735 -2.423224701466151
0.4150098604953524 -2.2576749475536264
-0.4967272657972771 -2.482546986774936
-0.0028318949629128065 -2.325706996088563
0.062034179606820006 -1.9280762616198175
-0.05974012515761806 -2.0821452559634612
-0.40284572829873766 -1.6043748131216236
0.37413597345272875 -1.6571781074379104
-0.4958233677142495 -2.3686648984420002
-0.4973318294487159 -1.9019557259879178
-0.46620059444207007 -2.2647465068614885
-0.07822093317599743 -1.9328816634755355
-0.19952773438425953 -1.5056473714557228
-0.40469575226928467 -1.6754860301331247
0.32317862019441135 -2.0123531536989048
0.19115640710540838 -2.1187739883909873
-0.17910046153793624 -2.4640799850023907
0.4553455255637723 -2.170545481247738
0.45105794787140585 -1.8020833616658742
0.08356039326462883 -1.6362319342117697
-0.40227039739454606 -2.3674076799200052
-0.3297430116872131 -2.033016952917842
0.31324434994391936 -1.7414392871298512
0.15250527500026678 -1.9053953253391194
0.14516522750486804 -1.7124854124644622
0.02168283132523674 -1.9498335177180386
-0.06230586800449389 -2.2499891268581287
0.35284938730050663 -1.5091050013364637
-0.13471884904522702 -2.2356608538591045
-0.1601712688145468 -1.9213187534450804
0.19160063828666218 -2.194275063317701
-0.2704606679124928 -2.152654517497409
-0.49312206383634427 -1.6664583486285887
0.31597466625538206 -1.8795641289880645
-0.05905585699727545 -2.0590063063093305
0.14439497555003866 -1.552896515362566
-0.440435854988257 -2.456386011154136
0.4304231480528289 -1.6840030770545935
-0.25355972148505634 -2.2878206411858284
-0.2325357145356609 -2.299233027177118
0.1245930377196307 -2.0016277632841213
-0.2573476846107139 -2.290312506997898
0.025625444742051418 -1.9172836011625782
-0.3839866847180069 -2.2662400941667995
-0.43266983790674873 -2.272509854130348
0.033205384274264005 -2.440382834010646
0.3270042920043079 -2.0903061474498457
-0.3119782330070099 -2.249567834555101
-0.07480068996850253 -2.360233261023037
-0.4627305983480633 -2.076844932319016
-0.1373632259740033 -2.4128981085103263
-0.3591101194036571 -2.0599172879199137
0.4079562057070729 -2.316037210143604
0.1605590740351227 -1.7095933933202865
-0.1827374095034504 -2.05047597437567
0.08382717914101956 -1.6232750445389952
-0.23178267707255407 -1.649401279844073
-0.268928074906871 -2.3458676224626593
-0.4759306216496585 -1.7109764594740242
0.145623979176435 -1.9705713270501124
0.2531481494545976 -2.155172564992686
-0.46610683548850196 -1.512214099657779
0.2202470546602574 -1.7628555570209623
0.1931223056752005 -1.7485835629995239
0.4193491839862673 -1.7615856816622688
-0.14668829429148567 -1.9990568639711894
0.36912103425243104 -1.6241858318799032
0.49764193834502746 -2.189965378814075
-0.19039894362751086 -1.9455727859503873
-0.1971831606699832 -2.1992386731416946
-0.4248816989446451 -1.500904288617991
-0.4513074311526929 -1.6023573341735329
-0.246837677852069 -2.335961795112735
-0.3957989138951481 -1.7038164477652253
0.22392960606253576 -1.5893502604181302
-0.212672305538131 -2.3734064611275674
-0.2517478401109535 -2.4753117947405805
-0.4274268294094793 -0.022862618206854646
0.49772316753817714 -0.17326957338279347
0.3174788276475986 -0.2072487232161737
-0.374920857234737 -0.40461351199365714
0.3939354514134391 -0.45416154218609506
-0.3949983522047257 -0.05760796307216742
0.25143105895165596 -0.23496281147193376
0.23278228660162004 0.18403227959733992
-0.42724281470347325 -0.33883092904803924
-0.08374792895268124 0.13590219439208606
-0.36979843751019636 0.4572569853442574
0.337790727816501 -0.3691403870299036
-0.2902779225325841 -0.29621675653063306
0.43143354223612607 0.33451911648024124
0.326396318368279 -0.011932954527644979
0.25621064602583743 -0.09058089904589861
-0.2275319772960025 -0.230236542598118
0.4188604311879208 0.20128136924467155
0.07501382100724463 0.0993711937358539
0.33679146251731307 0.10043859786080722
0.40472492821088213 0.008352143372020615
0.40325696342675155 0.034573061847883335
0.3447734289423602 0.1737711313180984
-0.03894006371107306 -0.008973019380573488
0.40298047787371516 0.0448298364070554
-0.44890033029270027 0.13348434030708867
-0.31248508247570583 -0.1214308997619935
0.3021208414946932 -0.09526319453011789
-0.08621684447315314 0.3780228870891126
0.2483506317153511 0.11916687026585482
0.47406026839869586 0.44567238907505624
-0.35189773054460727 -0.19535550247054034
-0.061409352531623385 0.3055291011669007
0.15074360486975624 -0.35738465952789567
-0.16455333154314744 -0.03505820409265148
0.383838634199956 -0.07594143713277601
0.49943738133762317 0.18427393759747102
0.43574650099709034 0.06164563004392298
0.4228422515532725 0.020149756285245513
-0.20029017072962974 -0.2017641202960695
0.1122320439265575 -0.013113519884113689
-0.3680711153082733 -0.35201673159361246
0.14287354714579614 -0.2318296154568419
0.49355093933165106 0.40757709168235357
-0.023983208294030778 0.20161026082038003
-0.3902689438742062 0.4399609901336584
0.4732227901622783 0.37707089329925125
0.305614105117327 -0.3009449783933913
0.08896269746957075 -0.35067372213167913
-0.05143136100193657 -0.020623294498051115
0.3209218993518609 -0.32580842409543465
-0.2615017358914986 -0.31240898130362904
0.27912464311975826 0.08336944226536436
-0.41359192492789887 0.4593553577998466
-0.3591485324850674 0.13991863080964329
0.3150493179382228 0.0882043002483145
0.3747054344106203 0.3771560414807965
-0.3172184089547453 0.36052022976408327
0.2920026355315839 -0.28611144050098136
0.3831537235860941 -0.027335038701343572
0.06941310112721666 -0.26598793927340814
0.3616370588282434 -0.2577847796122712
0.24378615571093332 0.19864225460434382
0.04608175611077392 -0.4721076325873639
-0.19427464532915328 -0.4090246305604567
0.23846814346948253 0.335863865864398
-0.34402358775512865 0.253561489938426
-0.3668774651372577 -0.25769604206769003
0.39163552302035065 -0.08104335126279838
0.2476478132672404 0.29524122964374766
-0.4483532781737126 -0.055553765439498415
0.22332578549178506 0.41622553135757345
-0.4941837667051593 0.34599271102496687
0.42225525259891317 0.0802695514200199
0.26954910919103026 -0.2831776918118387
-0.08718851043899878 0.16071831135918946
-0.2411165717396263 -0.12637734674873946
0.463901206641512 -0.42884512106422124
0.2130425242345152 0.08834162566893466
0.0616711117719303 0.30721719452197993
-0.27945455826060206 -0.23604410128372277
0.490294064972825 0.36082603362461374
0.03641362389816216 0.38747243835439693
0.038771201691923274 0.3146046923417106
-0.20389797559120182 -0.12826729981950125
0.08373997216435636 -0.49176476198531816
0.4548900218257653 -0.21897655751956968
0.47544016908356923 0.20764213422390798
-0.42743976306292375 0.2709807545537929
0.4849997897970795 0.35504329039417304
-0.2391247358824461 0.06971281704461019
-0.1464860677988158 -0.26910692965161287
-0.09361516976642581 -0.23642228786928499
0.14657787939527211 0.25489236531188875
0.042657419386337936 -0.4880044547417792
0.3699095635969072 0.33073471955239575
0.09022615160352687 0.009140381930659691
0.3596730496123086 -0.3165017406133048
-0.20074259781336645 0.14870634392286686
0.39357610202117344 0.19730425925361816
0.10466952398976204 -0.29946752592064796
-0.4120606959955839 0.0004580840085207649
-0.012799895609857725 -0.17670742958289531
0.17996011460333428 -0.3326873623060441
0.13144244062455213 -0.45674201675045223
0.34010748558838444 0.42409126677584963
-0.19647902736348222 0.0811017375250187
0.3297116887103021 0.3433025550558476
0.44530519646700273 0.25412985297175095
-0.3493618342501359 -0.06093968872350786
0.1755801496653534 -0.3509890103838852
0.4556148250876034 0.48091576582833495
-0.45241682435669817 -0.2600478465903793
-0.38731605851339723 0.2266658902105505
-0.11375233879553348 0.15991196134247765
0.40297230840064235 -0.2870531089369933
-0.4986000140247835 -0.3150744122845398
0.47135524267922446 -0.26497982216652904
-0.2163579992300868 0.105359336651763
-0.09870617418026972 -0.368315249421969
0.3655910268691277 -0.3135788413092452
0.47458401884157053 0.18569779454400703
0.30405596645491195 0.20349857053743525
-0.35060582282669994 0.3667395366560302
0.03155269033149133 0.20052618416706436
0.34771285803655605 0.4855711957862098
0.3847221428480645 0.24203252269548625
-0.17321151198634166 -0.3673339109660465
-0.24366559610757021 -0.496377606695783
-0.4471278302139844 0.04989310585773554
-0.27073842973358875 0.19375865975697604
0.005305588046724985 0.41405263847775653
0.33805808386228675 0.23197772334282485
-0.15959495461755602 -0.21808166107263338
-0.33090811396108455 0.10233267462174245
0.45229377442947516 -0.46412144393481725
0.03821487146059077 -0.36965018173053454
0.41331762708839215 0.4024620221816375
0.4605788086727687 0.4006932583865982
0.03126023572226799 -0.47895649733966605
0.3046102430414658 -0.07392697977380203
-0.42632861420822643 0.3672495012337106
-0.18257321463960563 -0.16520654152531256
0.3520876754696397 0.4375872277448739
-0.0023460074482637427 0.1748776885718596
-0.4494463762875952 -0.16816183026411102
0.29249236011172586 0.41932587175577674
-0.442107352609705 0.21772280520330767
0.3110008344660137 -0.32818228288148876
0.0769379790628063 0.16461072764892448
-0.30029031813635776 1.504472767326897
-0.33926993123396476 2.3811192764952596
0.07241290371289744 1.664258809131729
-0.05239159642102431 2.2036473321845396
0.4936692355333977 2.1627439656221066
0.0894049272597447 1.8822143689615034
0.3089576925264349 1.74290423808177
0.25224534881218885 2.295046600486434
0.3574534451015213 2.341457742363227
-0.4646261574063929 2.08142030072532
0.08306182923915184 2.4634096482395558
0.3044031917066067 2.4571849729405666
-0.07863795466922952 2.3078640984551138
-0.377535942323294 1.886766047147539
0.2640098690058723 1.940138722345642
0.21112489299564385 2.2113279700679547
-0.03932698352990516 2.359229018676509
-0.36880734927048653 2.3380163052723084
-0.11208826939175409 2.4585627297600783
0.2623747613445333 1.7161121674789408
-0.37451542108287206 2.138176443649632
-0.3212239885463062 2.2471424973302083
-0.3031374349917789 2.170507548437732
0.46208507222646844 1.5961793176919388
0.2145508675963329 1.7129219389196393
0.031207537174757327 1.748252301796001
-0.0046755476094045845 1.8565173100015946
-0.029271990574317952 1.504372287615744
-0.05026041952740423 2.391202146388977
0.3795743543451504 1.8538908791461965
0.4788936655734457 2.2715310917324056
-0.3573318865291002 2.481925625978736
-0.39473242719612267 2.393568430555135
-0.22209421525326156 2.151523514489993
0.036718318040137476 1.9061419818032665
-0.1434857253044658 2.030248666714255
0.06767493551856774 2.372552135367633
-0.11880729192412198 1.8715987743049776
-0.39127713661182184 2.195786219554287
-0.3881919207145057 2.4133520680886793
0.30903556967640033 2.199379778895976
-0.09716947418947353 1.6544077248013938
0.39305467419787354 1.7289108926257541
-0.4809992553911334 2.2249985043961873
0.2686645845835989 2.173659909842179
0.0733209790809718 2.1808550691727975
-0.13556550511859122 2.260055695255833
-0.2750806800989066 1.7784347650451835
0.3505268974297606 2.250877709990258
0.36736512011163525 1.9743658706644767
-0.17136598871955722 1.825001964791465
-0.2628696292038688 1.9712175530396894
0.1435443636781747 2.3003537737825415
0.34568612818338496 1.6102207529068826
-0.29079452320612376 2.3256976328097747
0.3284638185427762 1.5341940800568463
-0.1561030054180128 1.684064471505455
0.04196046367761841 2.3207417981993363
0.1393916499510015 1.6638056755678456
0.4179605368934407 1.6345620958301184
0.42766867537355713 1.6258544574011147
0.16183439980743763 1.6074838279395023
-0.14889887512169886 2.335869100444951
0.26608616425603304 2.255367345678201
-0.2982784530031741 1.6805201154960252
0.1454070034549917 2.371527942123846
-0.0775402592429455 1.7344151178792044
-0.3122063880531635 1.898501297222813
-0.127945442965266 2.140196173230394
-0.021371011451523536 2.031087178257775
0.25220817802621687 1.551443422226967
0.47144087440310967 1.8942639862430601
-0.06053457901640302 2.38993582060723
-0.29839246174283396 2.4536359674182395
-0.16413897191573767 1.965520507891072
-0.21338969926575124 2.2269653220803503
-0.21363062662757615 1.5693153088076182
-0.0069388063430780855 2.1436817275743123
0.17705225055851104 1.588271897445431
0.017803940797214146 2.100037731694639
0.286100701398627 2.4120398313697695
-0.2507228828813989 2.227950231774539
-0.02393800856426942 1.7518397807568697
-0.002007490545811841 2.197328310707578
-0.40971863925713536 2.430219828439232
0.49385938190878176 1.9047227095523833
0.39081780614727657 2.0917143064122157
-0.39494854315321315 1.6690633115264952
-0.3124143250310225 2.031824260567812
-0.3241478634879543 1.9478363911700671
0.06914107419187321 2.2966389720981746
0.2716445124745944 2.3043136659481447
-0.47602952734890314 1.8963874877533669
0.36015339580992334 1.8568619932656674
0.09310756810329246 1.8078590359053068
0.21723019821846523 1.886089234659847
0.48591234635127634 2.265378454388797
-0.4014528414641759 2.407468712051645
-0.1775624629230721 2.3287881598129445
0.4851756073337974 1.948253196853924
-0.3810839070401022 2.116369734744868
0.27105900144093353 2.1433873800078462
-0.3171898174225646 1.7938716777207353
-0.01894510529076998 1.616146381641792
-0.3370365379813903 1.7136320125146383
0.10935498947198019 1.7083629704917584
0.4354846868389103 2.3628629113129906
-0.02542422481350326 1.725974178173943
-0.11340103989042838 1.9968064981456533
0.39447798335874573 1.5915600060826733
-0.4207535668535942 2.4407624998864685
0.30092365562496626 2.2435306606811736
0.14448166769474002 2.0730929994171055
0.14632151231197588 1.6408412924988922
-0.45713075126003366 2.496560965345086
-0.38943475392799143 1.6306166550493386
0.05767516837849318 2.288772491612174
-0.20188206114323304 2.4264097675028067
-0.2063860155797016 2.049877510096404
0.2928511544413104 1.8102679528530727
0.4040032115264557 1.6242162485874
-0.3192209865715927 1.8544342237607037
0.30111380201453186 2.3355408234199055
-0.09950150838096983 1.8095107104713803
0.032452982085789395 2.313817128840543
-0.08872618119464803 1.8762313773077222
0.11010659856726523 2.0666147291011003
-0.4449017182739746 2.3483041280593726
-0.011165586155208906 2.412901458636288
0.2179602365816795 2.1176344947856167
-0.15714983656332238 1.6139828937223735
-0.12986178112760494 2.2968906085674172
0.31040978058395774 1.9326346816294309
-0.19981228406052276 1.7572217365260934
-0.43688115032687813 2.443630449662704
-0.1444232699053397 1.7955753593768504
0.295215101250367 2.373143368999058
0.13710061129335116 1.9997165994883683
0.4852101396167451 2.25573706707449
0.08260510238043739 2.275174146403296
-0.29671651997497117 1.852668884355284
0.4991429800913175 2.4913708021125758
0.14841238921531652 1.9134590023663036
0.46752113632805525 2.464839212213887
0.4276032102795184 1.7754584215675315
0.45618201679772175 1.9929477023811255
-0.20692887308884256 1.5170642643507801
-0.15877772597469286 1.8847719196828052
-0.06762892152694755 2.3936114183513966
0.39601563507344006 1.6007906200850686
0.2421097886611463 1.624632436556516
-0.42138570973306966 1.7931796779170943
-0.16723051763245578 1.6500762127444726
0.11609739655503126 1.998482876389268
0.02934186251947879 1.621808060312215
-0.37131535238448643 1.6222543029088645
-0.42393729357092624 1.8575354562567576
0.4632990649555423 1.9369846210548753
-0.1609813180324473 2.113524082837933
0.12431127473008363 2.3388501963240973
-0.3229037458807962 1.9824488555544244
-0.1652911224305771 1.623321588132589
-0.3054731404054547 1.8119114907120202
0.08887128320051507 1.5195586604077855
-0.17256168510564251 2.0931091303008555
-0.43624983231559955 1.8645488867766997
-0.28334711373528154 1.9945117240395782
0.335333132826824 1.944427874625784
-0.04096213023668771 2.222122388656417
-0.2264813746382821 1.6822432748875231
-0.16261220140114585 2.271425437413349
0.46008593953686894 2.452630121439148
-0.2687718052594681 1.7135623737672963
0.15206977895199658 2.1714548029014678
0.19922281836512412 2.383528268939381
-0.3768689735906098 1.6562448688490607
0.28982098498371434 1.840172485497743
-0.24785442874542574 2.4704854280458775
-0.09093437364568235 2.0355679917290157
0.4840620714569398 1.5382205563213232
-0.03184246859383022 1.7487534588910039
0.17609099415070528 1.953924697683517
0.46155055765207254 1.9053477140805075
0.03287698902179981 2.2732644797573656
0.2274708117910117 2.1331767701532907
-0.3319611058077492 2.093709698369302
0.4378425283031473 2.0328255835354563
-0.42840411477237317 2.1747205752643564
-0.14647783486746513 1.6354810471592307
0.42047194800266674 2.0584464655316497
-0.21406971102808403 2.296589334778532
0.38138488178760277 1.6031417319962662
0.17425496903784354 2.2743344853495295
-0.21486797122616497 1.6094748794413904
0.24206892744192088 1.7208783587674996
0.07251578863138597 2.490493163178743
-0.3403459731970553 1.7509645581859767
-0.33977664357278337 2.469064560028221
-0.45424068522552064 2.262271890917079
0.24723817883326205 1.8163964049733559
0.1188530512753263 2.1577483518581615
0.12207808956778743 2.1074025936062735
-0.3951659263345101 1.9266078076398578
0.22237911788149267 2.254497367132885
0.31990293028024486 1.6297038331774873
-0.3593282687128001 2.1878297739343435
0.06592857837380461 1.9169304943242869
-0.23402391747674534 1.6244438820601945
0.31702487698268367 2.2176111684035473
0.3224418572426635 2.280751877454303


print_cluster(2, [-2, -2], 10, f)
print_cluster(2, [-2, 0], 30, f)
print_cluster(2, [-2, 2], 60, f)
print_cluster(2, [0, -2], 100, f)
print_cluster(2, [0, 0], 150, f)
print_cluster(2, [0, 2], 210, f)