790 2
-3.0142983387436364 0.8613425007961084
-2.513159380251008 0.8739970431148466
-3.384370437675962 0.7471303619257251
-2.781265910195946 1.3802885980287072
-2.6077393577957686 1.097971768589252
-2.649338326845057 0.8223021098550825
-3.4315302054597994 1.0471067901958688
-3.210433020260339 0.8206144161799537
-2.7417145492815336 1.485431541720857
-2.9109735745023584 0.6890098342203415
-3.161787136875005 0.8107102013692049
-3.3990002298716417 0.8904338034767101
-2.9295053812954124 1.4128867782205417
-3.0086277368153764 0.5313196279087553
-2.9493750746117935 0.8628406525024443
-2.608319956009079 1.3740799884630062
-2.855328506344008 0.8210841436426592
-2.520036838382939 1.323904237513367
-3.336984550706351 1.3401331662724774
-2.8523000236858493 0.6638416359656254
-2.6002917550860642 0.5624301613338089
-2.7857861745254766 1.0648488508230223
-2.8337095286177556 0.6286640236804711
-3.162002049451282 0.8772068836033664
-2.9746067404156467 1.3764675398306587
-2.7496635372658726 0.5136031072700704
-3.2181887975526298 0.6364110427435038
-3.4372476146575357 1.361251282664762
-2.768154175774604 0.6392413401070178
-3.1020231790510535 1.2395612585084068
-2.6405952808459237 1.2841755540545217
-2.9605354825213492 0.6836974716351706
-2.9489310988605393 0.7923939960612167
-2.6741887259435706 0.9698004988761797
-2.89967365987372 1.1414011564051214
-3.101164928324851 0.6294245827356607
-2.6209851957740122 0.7520064977199068
-3.483966451930547 1.3932107763123245
-2.9836121965733056 0.6716208885409497
-2.8882891188494013 0.5542092063633665
-2.5976703351994668 0.9542000781732782
-2.786336503065237 0.9473530220240726
-2.6495432467109308 1.0097413202274368
-2.588353407067153 1.2244896071243043
-2.952360107988024 0.884144470208115
-2.7216570957144186 1.0434515542710923
-3.154178967853495 0.6585300404762733
-2.5226250095722347 0.6529020053481592
-2.934971100362583 1.4537786429871988
-3.3795137654806022 1.1241623000129968
-3.115589534517116 0.8945777855052093
-3.414045461414565 1.0661330295782445
-3.2840162047104697 1.4584022101464607
-2.8574768561884927 0.7052288449081656
-3.3698955822666483 0.808074735447353
-3.384668764918377 0.553936513444278
-3.283106315522349 0.84584783878136
-3.013975107386592 1.474981878935503
-2.730916379748475 0.7494854234168153
-2.947066175014582 1.0692522720102429
-3.276269335585808 1.4796386922815796
-2.7428943014307983 0.9691281811340392
-2.7341546191758455 1.1481006941093974
-3.1143655390901133 0.8698872270646185
-2.8392806328805116 1.493006862175351
-3.2787681911749607 1.0848230697688481
-2.7678852028504206 0.8658456250838245
-3.240187752952598 0.6632231448328728
-3.0280597884412708 1.065213505953222
-2.794449002759078 1.0579188086277966
-3.3969651062952257 1.1164941531470292
-2.778171104288459 1.279620917737364
-3.3409364649823576 0.8336757061711211
-2.5705888489217337 1.0672534671739864
-3.1198932297062014 1.1040619585623577
-2.637754295466745 0.856985587753828
-3.0548569485256314 0.9293172729527627
-3.2316028434603288 1.1567165899774041
-2.634224947905673 1.1406593113712922
-2.5709472443341643 0.8502003468957396
-3.315255732194398 1.3592376634768597
-3.0097924175164037 0.5633641279341768
-3.122964971635706 1.1768781400410078
-2.6072917699881386 1.4651430960533869
-3.372438606559591 0.6510165789154884
-3.018817235714292 1.341598358918854
-3.469723070670752 1.1545165325832967
-2.546809909253448 1.334765718165789
-3.4542814618791233 0.5770098401394395
-2.8919907179049864 1.010031474546964
-2.7703324331044366 0.5082578533983271
-3.4460461996049756 1.0007486332427997
-3.2981729223393574 1.45944257481236
-2.687528156748672 0.8221698899332426
-3.066698862746705 1.2091859377430567
-3.1493612793121684 0.889761138977188
-3.310024827833914 1.0949633029401125
-3.2556742110095893 1.315037056004254
-3.170864608103278 0.8248253787279569
-2.63773970342634 1.3905290409657707
-3.339343051629461 0.8344511622340164
-2.724805872389103 0.9084687769906131
-2.963617870959257 1.4976454764235807
-2.7918643935114975 1.3610664476779561
-3.299220412707637 1.426781639252193
-2.9104460467764195 0.90565249040014
-3.440805133512787 0.9777810935731073
-2.634430948991845 0.706053987308146
-2.7061771703654616 0.8214609450214518
-3.107042191656061 1.098923742543257
-2.87363305065164 1.4381787070791088
-2.8777836850449385 0.8969713107607828
-2.807747712049673 0.6209203048644099
-2.5509381768322177 1.1788371619796163
-3.218037596879011 1.3231712901691242
-2.5630878923859965 1.006723353218419
-3.1399504464185877 1.2020764999621858
-2.8655133577181107 0.6898347284166353
-2.5422545203810105 0.8244928197603453
-3.421548853704544 1.1305829108358127
-3.3513840843078424 0.8548686092009097
-3.271065627797943 1.0731016321573503
-3.0573961531680176 1.2331311140797394
-3.3842356021244875 0.535280515282575
-3.4051019235591418 1.1503835545433623
-3.088329090227399 1.0272607846375104
-2.5622717355782525 0.8329365251932727
-3.1200466250611685 0.8826337103006487
-2.823173315311407 0.5775391372223715
-3.1292660205282172 1.0943318828585438
-3.181569610703211 0.5776517440170563
-2.9006146555187287 1.416105922475696
-3.1990908998513388 1.0852179823801371
-3.355497278343373 1.3708374316332144
-2.696966725334594 1.2150925445043206
-3.1840919082449557 0.5387659448969728
-3.0382550181258514 1.2681441512039617
-3.15672770279314 1.1410539187382818
-2.5489853957923874 1.2438172512053094
-3.4822722649650695 0.6937388919789856
-2.8003144272369247 0.9338535053349818
-2.710650684126395 0.5581379566726381
-2.7779056035725707 0.6229955233726027
-2.5695763514669165 0.5068473175725398
-3.2103999513507953 1.3244681126000923
-3.4748195787141216 0.8879977095285687
-3.3842375473068356 0.574178699690581
-2.6134873226279653 0.7383437428213461
-2.8286274548346366 1.4159027679888156
-2.635902571262069 0.6339697287432731
3.137786740667069 5.830199444209392
2.804473595381366 5.8541029259134465
2.7410698203453094 5.962312046075974
2.692114204283577 5.63114796034649
2.5744635677505077 6.280916119879379
3.4992736303537106 5.645794026467726
3.3659183358843343 5.508563648881414
2.622029437136745 6.468087287772552
3.222344058914667 5.706237903315152
2.827930236978937 5.808216892317407
3.2259694815356568 5.55034180173334
2.7992522656704173 5.985588060373911
2.7865690912947234 6.143836928347614
3.0638982019083048 6.361690056479727
3.3564574215324363 6.497176641765914
2.747295277917167 6.439425512876852
2.93291494838411 6.11109404952993
2.694357079255722 5.546330958446343
3.2471935833467964 5.7106578247570035
3.2518459828953867 6.163965914156321
2.7998003344225384 6.278829368680301
3.401929864373555 6.328111123705584
2.569773785970828 6.029353996371461
3.080616983458677 6.20598053965549
3.2530977076358374 6.300463130020323
3.115736035285622 6.4410692681600565
3.3595776568364277 5.705647926189032
2.9217314135092 5.5945976960476
3.380884296386082 5.954727014711043
2.8770507234036606 6.111869730705866
3.3689047782949872 5.567796050140924
3.2659873424477013 6.07142614360933
2.646432375170689 6.213609521873601
3.3707415777395973 6.481824220329043
2.5249904429381163 6.2300973446273575
2.9168201312326185 5.753131936748016
2.9602536453858423 6.198638421964972
2.6718355589978424 6.124757484073386
3.223759502005766 6.315457194622744
3.259984698905264 6.315553535595613
2.8169166315321434 5.720176467226804
2.968161266026257 5.780966524052205
3.3362749654741477 6.267183435703611
3.240683311581629 6.283086485504175
3.245843919019569 6.490569609002591
3.072542064096578 6.20176242719703
2.712108531828644 6.1099162656603845
2.7550826555767856 6.054501747998282
2.833666312555793 6.084441794714327
2.998199027378587 5.52333576094047
3.255340151290296 5.989219993024747
2.614029759930377 5.581904766231094
3.4248987661465615 6.320699580795612
3.3675067757976564 5.5290806678381195
3.4352613331282216 6.331635424939094
3.377504620965395 5.757390876907578
2.809988993544502 5.6041774982899595
2.829858915916576 5.842727291658198
3.1219486976848483 5.76418952290126
2.791772043328621 6.1804061515447675
2.7401297106896765 5.760462829664436
3.466438738632499 5.742095304942051
2.6137824462054007 5.762604865718267
2.8223526166272555 6.0273336652719225
3.1890484984668355 6.352352532612997
2.652245297612513 6.098710363722294
2.622189640807869 6.105716591511128
2.723593689631881 5.764766528825573
3.3587335603613955 6.304730535482253
3.144436472136805 5.5065370301383
2.6412206180244517 6.206394940287614
2.520240540959895 6.05036570699025
3.086242300850573 5.5607891653106565
3.316779833529754 6.4574622603540845
3.478484563710266 5.592882944313318
2.90022233143977 5.626883436003922
3.3886272059204567 6.121541885219829
3.2685808517038946 6.4314947499424715
2.9708782733691903 5.6002753153660185
3.2556879356088473 5.963735704433316
3.2810511398874267 5.6487191711673255
2.807766860312031 6.349393606066104
3.1311004711828208 5.68322166769584
2.675946763268698 6.247832747893432
2.923814923316347 5.617636094905936
2.9027897343014857 5.889042660255574
3.21684094572805 6.172919356434845
2.6504560884724144 6.291468304430844
3.4638819623782564 6.096752661313488
3.0481399353703287 5.971164557916652
2.546234772718361 6.498040198724111
2.8384155072709296 6.341988974203092
3.033053525654538 5.901568526077811
2.9734997290411047 6.013892028325002
3.388150649334581 6.076759535003345
2.507291686282242 6.217680031274545
2.595653185317335 6.382838371000975
3.217700558175528 5.969539928171093
3.4461054110052367 5.53985197894507
2.827668099611473 6.162941831267901
2.7807902081559503 5.968402259900892
2.932265242537444 5.697872067280175
2.8987838896755282 5.659570302817192
2.6869575326862227 5.939527175500643
2.9392098272165077 6.117335622816035
2.6472762109890597 5.9499788860410385
2.9730980072816062 5.598452997583923
2.571228521389131 6.475003177074418
3.3926534035238407 6.277020427513724
3.329222384278305 5.603705076199738
2.823779536819522 5.866835536877105
2.528386138717868 5.761224472132619
3.443789214061039 6.173612015339129
2.7242637179541367 5.564989109688665
2.7129516573791044 6.192490515039715
3.488038510279728 6.100829137098935
3.256861982074366 5.60111593562508
2.82935525598024 5.913640760255346
2.7124920627420623 5.538018491274725
2.679903371285953 5.739310012904748
3.393112105882411 5.770849346037989
2.5420197548031824 5.630310596794219
2.946533762781903 5.854755814398159
3.0170925857458686 5.79974599985072
2.8042159737548786 5.7619909000054905
2.85943818925144 5.818717138089484
3.0491992760083155 5.531994455531642
3.472719248833335 5.920457858898285
3.3214252387116923 6.453303696907604
3.2136368504622155 5.929484847687894
3.3697554460086208 6.06699537853936
2.9014769233519964 6.360851907977222
2.966878729328852 6.081602822605314
2.5676798845934816 5.910755842481546
3.0205038565977125 5.8295383279475175
2.6159176502468906 6.442908341046527
3.363899351485098 5.709454613797113
3.4477583136586705 6.316819375175608
3.267980838380619 6.236971561927904
3.1424084374388026 6.238069305365309
2.979341317135618 6.161390232264985
3.25771428510031 5.7495957941161615
3.4980841808158294 6.284101422348765
3.040252239037047 5.856482168643414
3.046982528409167 5.906996257498298
2.7036978954635047 5.86236540578499
3.132982425029614 5.676704269913766
3.1385663416945535 6.265181799659299
3.2235195521620335 5.879905036728428
3.313594951742207 5.515244183493362
5.48250862471039 2.4418225873455577
5.162470602811362 1.7451278858676935
5.284541527665249 2.054102498471894
5.143257415861626 1.6130801820979093
5.164481428770777 2.049932794424043
5.368787805826408 1.7346177298861323
5.35941895165209 1.7317346216417677
5.4775210620603705 2.1037182846804203
4.7093129552495885 2.3019958744967055
4.7746955611948705 2.0550434222716514
5.022799564710718 2.4030570852121222
4.773640900026889 2.258715498275339
5.134095580618401 2.166785470085321
5.303453998311448 2.1928257558234727
4.888999517471569 1.7150985262229232
4.545726908389556 1.7938550024046422
4.617886534205126 2.0933242776061642
4.94117896676854 1.712401082366879
5.194847519196011 1.7200484449036524
4.730353650499017 2.4276153828131424
4.623854405617231 2.0539020692436747
5.085661083709418 2.3946090219100116
4.662015780819639 2.103479485685715
5.481323406375802 1.5614365371256913
4.679204423141119 1.98543353088902
5.3300917424601275 2.079879900537256
4.780628742553465 1.7688889439890416
4.842751443112589 2.0047331625164695
4.942449033792245 2.2375659223105187
4.533233600663308 1.784996611204014
5.132920600443645 1.534902331921899
4.684167728279922 1.7999241876907417
4.568694334053024 1.6117681390145107
5.092033285807661 1.6277811247702023
5.485761212737933 2.0797081017445307
5.237181808057206 2.3796603405662102
5.333200433318104 1.5435235368013975
4.676862372346734 2.2884490659326495
5.1109151102607955 1.6647279516048243
4.794487590758533 1.8553144531943915
4.959402449965566 1.5576424356950866
5.348382612078878 1.9704326077986722
5.394910896443998 2.3683216733471486
5.165785514125471 2.2712840380708967
4.715139568704733 2.230601010726537
5.144912289730163 1.9591295012161674
4.5088866824620775 2.1653654638972784
4.6555850951949855 1.8560323927352274
4.82884187190971 1.7660423822437814
4.7560401168544395 2.0859384938335426
4.877679555944963 1.995922745179963
4.966005353928937 1.9393429209578048
5.1948332953743614 2.0328108912152194
4.9500366077057 2.286912519425462
4.650629284173276 2.163183598256506
5.2718432036041305 2.171233133441788
4.833868726921857 2.050207666082995
4.756441704783089 1.8177767349309437
4.636126356975093 1.892627966894945
4.7062136873300675 1.9822699170457687
4.979212631763391 1.7934622557351667
4.614522847736732 1.915807748065046
4.916509821739337 1.5753685532697217
4.704210590196488 1.8900638299928785
4.911236877909542 2.3925860554566767
5.012538054801256 2.169813239479103
5.216328687370854 2.1106844800643043
4.890147542541428 2.065145569775803
5.230132222668314 2.4421091490244664
5.365195922794738 1.9207820614500584
5.363400377382486 1.664749478353555
4.872013942873841 2.3984242120926806
5.018454446421406 2.0487755546130124
5.103296701381693 2.2235303237935398
5.265208236997313 2.1546792923714295
4.716196142559205 1.827154733736584
5.419981555520474 2.4355206271512753
4.832081400420107 1.592190429321568
5.172218448538882 2.2951976941859904
5.491971572220303 2.090723918429174
5.19319731163537 1.856774226252326
5.2218485344226515 1.9872463715207016
4.8433898927128185 1.5094795639360865
5.056722493310465 1.671975025179922
4.661359136048765 2.430603931686883
4.664634247751769 1.8878476369382642
5.413502341011318 1.671735160699526
5.493520040859694 2.433995678590162
5.298746099046059 1.8294734535242263
4.6610428705928175 2.3330464310454966
4.9097151364842855 1.9799119248550856
4.585770439231824 2.048499743570177
4.655321531194498 2.4285881942041643
4.846600743646301 1.782656804516323
4.6193095801139235 2.012049114423353
5.292362023794124 2.1943138715012678
5.033774081559172 2.1377216015009806
5.418515856985364 1.9127813786560346
4.731399656411799 1.9375574242594586
5.164859752323892 2.153661600415977
4.803373435254113 1.9896607176706764
5.185644120581288 2.3524502623482255
5.294662418362627 2.3368318114867246
4.529906929501115 2.359070865470417
4.845412758489534 1.6616280600714037
5.380720048231508 1.861746455325351
5.097176478737612 1.969894717859126
4.642324780737703 1.935305365684106
5.436957972827765 1.8984299155737072
5.441697544719905 1.8254369616352653
4.975458015432056 1.8443674995017854
5.224350538096521 2.0262475963677895
4.675740389248825 1.8670119364997348
5.156024899196797 1.619645170123796
4.787862004526657 1.7393761149520357
5.237497948579593 2.3426388709486137
4.904657670653087 1.870554250095644
4.6347535439359655 2.3700279361866907
4.56086253481762 1.9062870208274703
5.4038868517550265 1.8706092071148532
4.699847872908948 2.16863137199402
4.852248466654073 2.105801424892742
5.3641408902636964 1.7744069217799856
4.671044550185662 1.6664442186888189
5.446411798289047 1.9067456861579481
4.510949206034345 1.9815958770990991
5.336576645683356 2.471476330373335
4.65123126489542 1.5808174886888042
4.959108490513545 2.276212079086934
4.807201462350836 2.210622154876198
5.264247453400802 2.2561218998863684
5.001555954404951 1.5169147079776755
4.509001540051088 1.993734592731912
5.109288537805037 1.693694243369789
4.5855213084692785 2.223900428970768
4.704710638407761 2.3544834209800127
4.7659223703728495 2.190197314760467
5.472440642700962 2.014814077016654
5.09523212484606 2.0721169400734327
4.929525764503225 1.5787991968699613
4.667591287001866 2.232913760197061
4.843990899439385 2.4373217160633045
5.013309088117632 2.1888550289398996
5.089779569853604 1.5336757423868022
4.658216663033336 2.1000209719994607
4.865960901246252 2.279687934427904
5.192301861109755 1.526536927542101
4.972689035371096 2.1071303058341764
5.374909642406237 1.9267496439451763
5.265788785142579 1.8294646723849106
-0.2028015025213482 -0.48991878959052704
-0.46865274329660866 0.2874452522602715
-0.4483357343462584 0.27144387575986806
0.4518516795721911 -0.2210350505949903
-0.43172280300590093 0.2899791758236613
-0.36088685393789566 0.45144219226409543
-0.1360903163834979 0.1624639193265468
-0.2283439028765053 0.2768509856023804
-0.17588006108452414 0.2411839432943237
0.06286161643223276 -0.24923754926481856
-0.4416620277692981 0.17892569545767756
0.44590275009566605 -0.3197552177579819
-0.33183404291760144 0.13390064187714956
0.30075866737495727 -0.09384935711047204
-0.0033323074173562395 0.09582230142266523
0.2760860855051087 -0.2085128748693449
0.2766893234210539 -0.32715483054786887
-0.3241750101900298 0.1624831275264801
0.22328905638796814 0.013944130856186399
0.276184696867791 0.15999857853290667
-0.06867192848711812 0.15530792055333353
-0.32272202054218013 -0.3719104161794541
-0.10430352422397227 -0.19825964842756172
0.004695414721828994 0.08391152730499052
0.22585664232773017 -0.006356880637633289
-0.2061375372990788 -0.026316011718473864
0.1817600299129858 -0.39089186512531027
-0.13539954351907835 0.34704372824811147
0.250224419689937 -0.27020462663558875
-0.47731733076089544 0.33929562396696067
-0.3177893782425021 -0.42721860963652203
0.08824282632285207 -0.21141946116781973
0.22449272523035413 -0.30860186829442315
0.2652693975811543 0.29164868441201397
0.038125920564259785 -0.4071119910824321
-0.05495393473942034 0.26838985799953086
0.017242842874619524 0.21344057713194342
-0.461779964018492 0.36997431755998966
-0.07541429423356383 -0.14162440162454282
-0.254996552805415 0.3385064235219989
0.33005744830908834 0.1779199338224945
-0.14940902502045694 -0.07474713475570938
0.29863105665323897 0.12804377074101747
0.3736049468110312 0.4154897663777576
0.44068127645197563 0.11448116086098459
-0.37173072653933326 0.08838884789899182
0.3525635912290198 -0.4148709268552523
-0.4540616727894804 -0.21500272667182063
-0.3906247351333162 0.4135226668108506
-0.21833116875529213 -0.3698665895103994
0.11159612185946155 0.09666601296602195
-0.2500161198978986 0.317508878208987
0.29538217573429804 -0.2453106399885736
0.11815066373768224 -0.0017585515905021998
-0.4659035064031729 0.10783292222437979
0.003240749573619639 -0.05765422900037187
-0.47664423657507915 -0.4822689004837749
-0.44023018237720424 -0.478455295413455
-0.3657409281080919 0.1284246516930364
-0.41478329067391173 0.3482767969248811
-0.07976994971770945 -0.11958912083140993
0.4618488294104848 -0.030858824906761728
-0.38415147952627615 -0.23476602497880472
-0.24476180168950812 -0.4794315469315167
-0.23572237793012873 0.3822853819499856
-0.31709421312281816 0.18107507910221965
-0.022300985598185052 0.2645199874665335
0.17386683099950007 -0.27534668391696293
-0.0498660260135706 -0.22812532199399493
0.06547431876485676 -0.2221948713034404
-0.4126059497490192 0.04518711074593107
-0.18169519488924146 -0.23393922148114354
-0.07747738419628958 -0.029886556729910474
-0.08765880130598303 0.049569782950255825
0.4170228259884545 -0.3286050825939093
-0.3270017602240688 -0.365725953417116
-0.012309444290572347 0.2778783876380069
0.1457734112032052 -0.2145356618359443
-0.04645015591605961 0.40717696182107643
-0.4520889732496495 0.29746534803830404
0.0040351614434784855 0.3035387756159523
0.35522829963701574 -0.25565123649301713
0.4604548518013182 -0.4212365844502265
-0.14735740661021457 -0.1244925364979369
-0.0987790319274453 -0.4317637398965405
-0.14539474686323484 -0.47380655115745807
0.17585685485337865 -0.14031702068584695
-0.4946613892211852 -0.3576056214359764
-0.2092896964062323 -0.48668374409428583
-0.22849196388055093 -0.20729395936387318
0.21593556443504014 -0.06918835366604681
-0.47253135051029804 -0.06001234218966367
-0.0728725414229674 -0.02564264867430166
-0.11846761942351391 -0.2208308179777505
0.19093329090702105 -0.09677622519186979
-0.2938630378175974 -0.07020213601201752
0.3644962296971729 0.1120050808315155
-0.022594940629739657 0.18078139196401688
0.35213269629512167 -0.43265616715621646
0.19437209267058164 -0.330184874592815
0.2492141209214167 0.16892956036445284
-0.047859670765692974 0.25710627760468385
0.32151402779287186 0.41496753535131925
-0.3124263146582692 0.4879898313061827
0.0029480564868425985 0.08260294734912965
-0.3184975456318512 0.1119389118925469
-0.4128288872082506 0.40366639830695583
-0.4682371494977582 0.32842934772919097
-0.10960483347954242 -0.20575294618005646
-0.3990375788494014 -0.3591584305841815
-0.4389695242711964 0.025715885244265713
0.21145425932082296 0.49064451782418306
0.07595563700598773 -0.32804570870314353
-0.4575440553380121 -0.04125433741779749
0.29765967594694376 -0.05165808823132034
0.29643859204390755 -0.021861675013316373
0.4922592521992447 -0.47967426820162695
0.2030523260662459 -0.4494440831369484
-0.24878062225307607 0.0883647429628317
0.3616613531765528 -0.27512971042373313
-0.317505399931003 0.20271476056851268
-0.48498438842269675 0.11283027157353598
-0.2365970331730709 0.39835714589056337
0.38315943108772765 -0.09556693680678174
0.41290131723766776 -0.3594511993720678
-0.3801344870107779 -0.012755843065803685
0.43423593596041465 -0.023426660366594132
-0.4671048907077776 -0.08182711165275425
0.41868818494037197 0.47636655431515484
-0.16332020479496479 0.2560450343040215
-0.053204362412271555 0.22362506347364497
0.23460664452481705 0.2793708013063593
-0.3076897924650621 0.03385042084416312
-0.018472837453885504 -0.39566314569618766
-0.31984002354147545 -0.4588579226521826
0.24357406598188358 0.3198583155137855
0.23371590352119576 -0.23459903765805712
0.03241208897874659 -0.16941812909792509
0.07141811017753497 -0.48829552139146437
0.10237826120433591 -0.025686312747277174
0.09421611705625565 0.3009097984626169
0.1352116863755063 -0.465338816144361
0.42869680877671634 0.2983537721738553
0.3412265957096774 -0.41938667104569916
0.31506730702468566 0.025388390193489263
-0.15199333781110258 -0.01088313311496647
0.4263338671102972 0.12253579695309247
0.08599281833970929 -0.25048279133390317
-0.1364938323889926 -0.08634068237176251
-0.1331246327386666 0.46746148882242056
2.573073219307463 2.7724646634756978
3.3787950398651767 3.4953245716544212
2.65272868019175 2.7673337655022943
3.245722571208348 3.1447219628017478
2.5416820958270474 3.388432306105846
3.125135860268446 2.620547304498123
2.593531085921171 2.6890070447530054
2.922703822411756 2.7774560537270685
3.100443201732158 2.734170081867044
3.264675239375311 3.3684108335899987
3.411859630944904 3.1508379000032543
2.6949774647873648 3.4974976857179465
2.6046164673065846 2.5067384211729102
2.8123986089866517 2.5530790865596393
3.4585439246730947 2.9442576863495837
3.369029533447626 3.4161710584932417
3.3793943886018942 3.3927530310226026
2.9194133183186475 3.1820189901146088
2.7714107654825293 3.4935427973599307
3.4161980173905286 2.572444923731758
3.4959455358794864 3.2482514647070158
3.0933816402195875 3.278250000877194
2.5706168851794713 3.22476925835837
2.997194123521124 3.413263098178654
3.4613441396949685 3.080904277606184
2.692199099946486 2.7129359044231998
2.6091065874973545 2.700457244082548
2.689001999902624 2.6867797839585155
2.9707645129912947 2.6453161497838584
2.9632219183154223 3.0389730588769703
2.89904612298671 2.5293953263071964
3.2297529952118813 3.189880216819157
3.0377007586351317 3.2483117221974425
2.61074390759907 3.3809001188130874
3.277096364342542 3.0478262330414134
3.0779936423653984 3.130399283043131
3.207343350619175 2.5732358868962084
3.047139982623364 2.968528734725845
2.5292725725240675 2.5692630307528104
3.436117699107507 2.8998766669291425
2.8285172732145814 2.839830907518627
2.9492886727661816 3.337080304601076
2.829693502804321 3.343448091054726
2.5416361687287283 3.106919304101975
2.9033951701957625 2.922833038617253
2.8461861958944863 2.9267770248901646
2.614088888167369 3.3867840816927357
2.5957035830113866 2.8663408162639925
2.8862175317581737 3.365173126186945
3.10456254499111 3.0557302960172206
2.8087933397171705 3.4924243135863944
2.6297161439447256 3.1806348558415887
2.550209207959485 2.780939536126189
2.8390816416271654 3.279188641929844
2.588194207993575 3.4603337180580853
2.971564390101142 2.8284740914610764
2.6165322076789193 3.2212269738067487
3.0260915126760075 3.448787953388355
2.8281920128365625 3.0937164542037103
2.8517052110018923 3.1158169916323004
3.217214382255415 3.4405772579094194
3.122660663065477 2.8001870195925234
3.3026110513854565 3.1517196029504904
3.3900080135155743 2.5054231269411273
3.0594812264650306 3.353842879593546
2.7862109185982336 3.263947046098798
2.759061976535008 2.9523115935176873
3.22749397183538 3.4634426764549597
2.8291747667526193 3.4080292135538968
3.374120995065442 2.7803350692266218
2.7520578058795033 2.796857473241806
2.7661902875039885 2.574791757021787
2.5471589657608136 3.1575636549806934
2.510161520488931 3.3486382164476645
2.8603627840780605 3.464666199565315
3.3467625808196155 2.952767509972108
3.309432144337988 2.6752133562788907
3.349435451293313 2.9811298197003007
2.9217483393871344 3.316121850548617
2.6283850275802516 2.834978831757415
2.5578893703939993 3.3232340611328026
3.318699320573056 3.370855973501939
2.659561103813805 3.1849871716407865
3.2481382454786925 2.8268198021592905
3.4816917881766796 3.351132050881371
3.013322902255403 2.956058848225166
2.772671992277394 3.388368324940147
3.271077557342737 2.683242397100058
2.553657668913789 2.789689620381835
2.8321708282289157 3.224398042077637
3.3871932487463012 2.653376558311077
3.4499994936250884 2.848626719478408
3.236141456363608 2.7140616521212175
2.647420719569753 2.723910348659372
2.819924246620917 3.1902426058265774
2.8383341331818217 2.9513375490787066
3.115482049169724 3.009516281668798
3.1807192501904917 2.8147563971095106
2.618147053801625 3.4637459259744974
2.622730425541832 2.871948647054249
3.3643416569980515 3.4193761080017566
2.8170919264146654 3.2689549436826697
3.016641360238114 2.60394826704532
2.543537982773854 2.861956879802102
2.909148642880969 3.4166413029695137
2.8159910318613575 2.565954471706698
2.5234025597816863 3.4996935069096002
2.614802262206099 2.5476327909304364
3.0782198284854263 2.590229371758007
2.546902499919759 2.950773199881088
3.3482309829850485 3.044515673074289
3.383994810065858 2.655664221119679
2.8079305829576393 2.7386794209305414
3.167772068645706 3.1434199299623837
3.003550583293503 2.9677004814964403
2.5893241130508984 3.1719265784705963
2.578372617708943 2.723628519226209
3.4438852637225503 2.71657982265214
2.505118086840504 2.9666880294133797
2.927794308748373 2.5593673837410664
3.496590153382353 3.3851719422785567
2.6150197558524315 3.280145617368774
2.8151251845130476 2.7092393541519835
3.4658608939521365 2.6974003320513575
3.0915850956745556 2.953961107198726
3.0250213711621323 3.4597564194218178
3.290290958780911 3.0307430050561255
3.4291901077573503 3.134040847448545
2.860460364384141 2.5234148277365764
2.603749568621775 2.993171569171176
3.4186160150118985 2.93982310358089
3.057008679225663 2.9226446196816047
3.444734313812619 3.0905778648568565
3.020195999964204 2.8806034490791173
3.244762591600785 2.586369249708703
2.765633876591473 3.1244969365194053
3.1142524634607485 2.703371347775267
3.2799209944778998 3.375474501638161
3.2976273890251644 2.815458750871235
3.0822411821643394 2.7377836396751647
3.1017368074941665 3.203833844908466
2.9805110053163153 3.3383384381092647
2.637201859407278 2.7649740372591864
3.0157822221516954 2.8776105532796215
2.9377808886655847 2.5225860978640635
3.3976594119424157 3.375876213103464
2.5751458036932786 3.4559240036649213
2.6228112594042647 3.434533374583681
2.9685755135385747 3.2953426702882536
3.202677687654954 2.8639031844285983
-2.687 4.51
-0.165 4.658
-0.726 5.954
1.002 5.497
-2.544 5.252
-1.675 2.752
-0.758 3.935
-0.968 4.704
-1.405 6.913
-2.337 5.114
1.876 4.957
-0.57 6.127
1.957 5.897
-1.738 5.019
-0.864 2.078
-0.498 4.368
-2.396 2.049
-1.492 2.442
-1.327 3.116
-0.996 3.111
0.869 2.366
-1.873 2.545
-0.646 3.887
-2.093 6.124
-0.048 2.072
-1.188 2.496
-1.277 3.028
0.376 6.558
1.208 3.609
-2.521 2.71
-2.309 6.551
-0.611 5.358
-0.735 5.992
-2.407 5.097
0.643 3.307
0.206 6.884
-2.453 4.811
1.233 6.148
1.513 2.837
1.851 2.643
