1880 2
-4.085932312407053 -4.080482114388536
-4.2422959857174725 -3.969812586421088
-3.7755170244595417 -4.171006333142859
-4.230814902847183 -3.9622092232213504
-3.805479289422189 -3.8533354080643605
-4.200052490872043 -4.249604952762017
-3.907796540873712 -4.159077790307236
-4.154994308790614 -4.093222248063576
-3.98222950199073 -3.9594442969729586
-3.7535562895984516 -4.20844410972291
-3.9353851965124202 -3.9096550538388266
-4.087931987672221 -3.9215991864190403
-4.170984122242231 -3.9755642548330377
-3.9332010975740874 -3.9848063380468095
-4.112246396236617 -4.248611187471768
-4.109622860547454 -4.249658461594627
-4.050844265779608 -3.8815694332748
-3.9487136372084337 -4.118490035002656
-4.036481327031667 -3.7972009368351363
-3.9455779221341136 -4.171091005047744
-4.200243974645455 -4.209339783945457
-4.208869612369955 -3.881632592837438
-4.078893617132119 -3.8043457769816604
-3.885196037748158 -4.147320670262302
-4.0170400651623615 -3.7817017365818804
-4.042596703034071 -3.832282841311428
-4.106299708054393 -3.8876023668664326
-3.908005361727448 -3.755155007634153
-3.891606898223522 -3.917983288742539
-4.223506355416652 -3.875841917927407
-3.818628852561242 -4.054615388083992
-3.929997706524591 -3.9410046796630853
-3.94334358242844 -3.7924199595423085
-4.23931269954554 -3.858836482169912
-4.024069404404108 -4.169461933951192
-4.140692161076562 -4.186332042889124
-3.8157462362260057 -3.9598641482602503
-3.9023926925400807 -4.135515777439595
-4.186214481894159 -4.117819618723427
-3.7790635349978556 -4.197691448654012
-4.0878578043541545 -4.004541339292632
-4.157616696967622 -3.9202737212485625
-4.040011949527126 -4.128085150114947
-4.095890257184627 -4.122775551815073
-3.9121023256418286 -3.7684473068254825
-4.094025959841312 -3.929002001353591
-3.81341472915613 -4.143750963338485
-3.885154306746204 -3.8967647583634335
-3.8188142529359665 -3.921457058516646
-3.921012127741142 -4.110938128763222
-4.105647532795063 -4.1531927819275385
-4.045032966961947 -3.9889040638694544
-4.128231642993837 -4.042439398619633
-4.097523722822294 -3.8137318517923706
-3.91835437032817 -3.9902485160872865
-4.1600420122276205 -4.024006861310967
-3.877915699740789 -3.880312955094981
-4.110971246311687 -4.225024839577217
-4.013936985290822 -3.8856546713234983
-3.837058836004228 -3.7628381105870576
-3.939870631660428 -3.9730784355825737
-4.179315481338248 -4.075437368149494
-3.807738919730974 -3.849023963585613
-4.211271662761014 -3.8307241475485356
-3.79877570745877 -4.027050101015219
-3.930732971602965 -4.172659065461119
-4.020881288289931 -4.018774125191255
-3.840095594483313 -4.1626255345488685
-4.1563576407525415 -4.034688327481317
-3.930792692782272 -4.149044904901811
-3.867814721809908 -3.8878588711797906
-3.863302343759247 -4.0550134376464015
-3.7629569011819366 -3.780588469293624
-3.818939241562228 -4.129710796945121
-3.9437133540466545 -3.9651626162375013
-4.035351936861973 -4.077070160821355
-4.008685780110875 -4.069671689707158
-3.994738169395882 -4.160752342118327
-4.1952319152236 -4.139381736849239
-4.171161527779246 -4.0535801743838125
-3.7970234968459895 -3.9541205142426272
-4.218982715493949 -3.8840834264281257
-4.056656084547616 -4.070313761072539
-4.125181883693581 -3.7554911621429095
-4.003286474390517 -4.162304801688039
-3.932593410434944 -3.8557831013117196
-4.228347876171156 -3.8704171279847346
-3.7548825791266274 -4.145622805753371
-4.203058351463967 -4.215741583395277
-4.230878704120554 -4.146311158852663
-3.783572970245281 -3.7675809422484177
-4.051930392155306 -3.971890598929006
-3.7830778994260346 -3.9323080578727945
-4.220974690563904 -4.190749562306466
-3.908190155979627 -3.808338213201843
-3.797790437104752 -3.8503661555341875
-3.8605489941501383 -3.7774112497316445
-3.7915439772867963 -4.181026730127542
-3.823747720009526 -4.231948022828485
-3.9891859758188306 -4.177123944962688
-3.763558392095057 -3.7745999276508906
-3.94422359511376 -3.7651787553602722
-3.923066839707809 -3.7918824042847055
-4.228533527837865 -3.9007199322594697
-3.9660278434131784 -4.111578981468358
-4.112587958044587 -4.242849212825015
-3.8023452694551336 -4.052513144702263
-4.0292879175067995 -3.894346637564139
-4.082188413771096 -4.1469786586354935
-4.124416248545699 -3.8284489984692835
-3.8406892149892027 -3.884613045124376
-4.047260756812735 -3.9858436243347883
-4.04248018509445 -4.206251034900696
-4.033676882741503 -3.7531167420569034
-3.8373042465840133 -4.108158135292089
-4.169964948308041 -4.03029458804328
-4.030043783759027 -4.132772063964367
-4.231654178268469 -4.188549920714448
-3.941882011853222 -3.7850967611973965
-3.9007322685712453 -3.906725001360282
-4.240976487918594 0.02558187874803386
-3.8441444905036977 -0.03304194545137257
-3.876057968019787 0.16221844188191697
-3.834559006657267 -0.013143338745739697
-3.9486955181287695 0.24181369025598543
-4.246394512187071 0.10449906665833752
-3.7955429108767107 0.22755353619041568
-3.9786821588401713 0.09270441809283148
-3.946958944193863 -0.03871642430591238
-3.871589695237321 -0.08935355321747301
-3.8817175717156944 -0.020940663277152494
-4.176059297458267 0.19072666152991807
-4.072876602291636 0.15892611501258785
-4.10034400912751 0.07859522645738132
-4.1098518373165165 -0.12887252583545716
-3.9190458448030965 -0.08721735614114517
-3.9563899843057007 -0.1160290469367582
-3.9388470315345927 0.010889186922870497
-3.8273150367617754 -0.07786920346274728
-3.813210830513395 -0.19828090438291074
-3.8314574465432703 0.24809443523793834
-3.8565260757629183 0.024118999692387955
-4.161780142973774 -0.17359573417847135
-3.939049404816278 -0.059569419065923224
-3.911932190469216 0.018568405621393003
-4.235387306977213 0.07072414019612161
-3.844207006062539 0.19409320794200297
-4.189336300301581 -0.16555421252722874
-4.042620018044495 0.1776841857244275
-4.1954286125493345 0.11296872377421574
-4.002725579996261 -0.05575686619705772
-3.9759575347383116 -0.2242384666580996
-3.9562194589278517 0.24708111230377217
-4.109879005576561 0.06995774323966991
-4.166537053569158 0.21223409231181523
-3.9646568669189577 -0.15613501973397992
-4.048273587096278 0.1774244089914177
-3.8117033501588824 -0.03268720347197995
-3.752595213626814 -0.22900487922765989
-4.170710943413205 0.16474988812318703
-3.9350704750176853 -0.14872026789711185
-4.1781547792406 -0.12679428179597124
-4.194970412825629 -0.15046156000121652
-3.984610492928115 0.06721200464257038
-3.862681939187773 0.11131630865274955
-3.9493943410966383 0.13918670816295037
-4.19489249606723 -0.049469190624246595
-3.8278209052555128 -0.22935575959610893
-4.023849360798742 -0.22014136003820967
-4.172342193232263 -0.1989718328780924
-4.129972906204595 0.004987532159363761
-4.093158671258543 -0.13928208743790976
-4.234629413355379 -0.22994661470681488
-4.208169044107986 -0.09015407165545791
-4.054431572390505 -0.03351655174336643
-4.124603654579766 0.143511906219789
-4.085628577493807 -0.14053720510595885
-3.9176496189773857 0.047519922685475224
-4.151581412421419 0.12081758341434345
-4.1788898049432515 0.2188079927409774
-3.809475062307597 -0.015292157670874051
-3.948924636001529 -0.22961236479388125
-4.130525415532018 0.1434351231341353
-4.169546819279996 0.22824891010658427
-4.174570163455533 -0.1130465368800429
-4.028607641225256 0.03590940457954228
-3.9315961921984037 -0.13324500115650528
-4.160873134670134 0.06700426452860314
-3.966907881079747 -0.1302820574723702
-4.108528367728651 0.09495443942479487
-4.209567281468707 0.17074183176473973
-3.9918313637961034 0.12983235385440595
-3.8058291889936577 -0.0019106776871153919
-4.081047240137405 0.041672939600534975
-4.018123412413528 -0.21904510565253948
-3.977414257539966 0.11167966543174418
-3.839676921609991 0.05232870424000746
-3.9261053244593715 0.06426769263079007
-4.13232121615365 -0.19656806597361598
-3.8359138892316547 0.2232449441492519
-4.170570575611176 0.1485271920060588
-4.06203358709689 0.06547816387138183
-4.2318807428856795 -0.032781261436388376
-3.927578753654001 0.014688627584232616
-3.7875023153803653 -0.08036950592546799
-3.773257965111068 0.21045914862030746
-4.1747797485422105 0.08231740374670077
-3.99474122028824 0.01360913433059141
-3.8375701684544703 -0.023852268115620412
-4.095503888219412 0.22399972646846394
-4.049509922444508 -0.23139694070903521
-3.7928924106520787 0.19598066514051882
-4.16658621374549 -0.07269553540906093
-4.205537235475597 -0.21949682227761652
-3.9793581791406645 -0.14096340785287342
-4.033083061760165 -0.1394227837081563
-4.045280730966997 0.2384181063408341
-4.0934706594553285 0.1707605265438744
-3.896729194586479 -0.1965228486959219
-4.009499605121335 -0.17100641803172129
-3.959394126995832 -0.09758691563113658
-4.144899568602633 -0.15099903418639654
-3.8523189256278267 -0.2210729170544179
-4.012805048059732 0.17294455420475746
-3.8408063845342886 -0.1252868252420215
-4.2260720545259325 -0.06450943283252814
-4.056948836560958 0.01334584833994279
-3.9425597536196832 -0.09091668904626926
-3.840912210795974 -0.09028566992445725
-4.110048197303691 -0.14227764935801013
-3.765129931532856 -0.11361473793660837
-3.88056119253565 -0.19655757828353065
-4.043766589676991 -0.061152091951262144
-4.233135899136924 0.18257109271470073
-3.9155994578497997 0.0045966647838849295
-3.897825514251763 -0.09639155251692377
-4.07353678961402 0.06895104052870404
-3.9126692473833407 -0.1377719653703493
-3.9728187087723805 -0.10815428332668997
-4.102258523422092 -0.19668824414220837
-3.990066020173194 3.897867407025574
-4.031186992847476 4.125845168338089
-3.9449534741517303 4.016438216083019
-4.035852470725205 3.9851638138986654
-3.8023232770723254 3.7750658463095617
-3.888425379024081 4.202272483744798
-3.9910500011883316 3.9681628853704147
-4.1496792182621824 3.9524709874748045
-4.010518591376418 4.002674399329563
-3.7504820080582575 3.86526988399181
-4.155481956222519 3.8556596894602793
-3.975847924228751 4.091159113192567
-3.8128582471861043 4.159064920183374
-4.080835552824459 4.0638898405278
-4.085900269120489 4.210323245966962
-3.800325983682632 3.9464185275626344
-3.945226910870553 4.181519015862269
-3.9513156225510473 4.249895325076609
-4.2399869901486245 4.142475870138031
-4.174468109747171 4.124709975368647
-4.1518707793706735 3.859687327807368
-4.014054009897135 4.0491389069223604
-4.111017976906347 4.1671172782100125
-4.163531413564204 4.153557182330171
-4.194509564369692 4.018780225665973
-3.8406558500619803 3.781336529361138
-3.8503461669857115 4.000529239510483
-4.075767887260425 4.056538009673334
-3.764075860142024 3.905502376016167
-4.111832497683668 4.004933233727046
-4.016661624189745 4.036323015756845
-4.248296178390379 3.8559387267146654
-3.9067412541605435 4.135619648737811
-4.066512651989952 3.9540090089937405
-3.9495018439047698 4.153829866478678
-3.8139597487541748 4.146383936701786
-4.198939808062704 3.945363698081469
-4.123208149376409 3.7836472962554986
-3.979460490598521 3.9569196116770993
-4.167906213881789 4.0315423536362704
-3.8710764189817257 4.094450329577144
-4.202139849849879 3.9170026169516388
-3.8575965656019933 4.163194250854616
-4.124889903378083 4.177632271748096
-3.989687227065846 4.13286342487717
-4.08912831114787 4.245351107798285
-4.061563987725265 3.8052089925813823
-4.059079285520637 3.965685883554981
-3.8851362774739693 3.9799522593542416
-3.8428541876437747 3.975136168717551
-4.023048750490487 3.9192104895496973
-4.101055538113247 4.0284549184997855
-4.0799554083736105 4.074187413063322
-4.215380543405419 4.136685597025191
-4.0819667718894 4.02227072992011
-4.054263833834767 3.8110083547773383
-3.8835552572341796 4.183028892941218
-4.098594142297134 3.839563524783451
-4.143751559703855 4.087313245288556
-3.911476703221761 4.1807801099696915
-3.779324387679512 4.0898168243554665
-4.174244122086415 3.7605393634276685
-3.8989013137711384 3.991533792062261
-3.9758390786286615 4.141247129340077
-4.209867963188147 4.118856148168575
-3.9290804123645806 4.067028150102775
-3.9579002832194012 3.8232202466332916
-4.09841345003455 3.8039843819430796
-4.158190078926095 4.190378954355389
-3.768420120517974 3.9954029251852066
-4.108674357353524 4.008168630364475
-3.9424492066143584 4.2049273287269235
-3.9072320936933798 3.9073430729658556
-4.209655941714744 3.900317835318843
-3.9458909478501063 4.18053549151383
-4.172731430194187 4.170971668393885
-3.9552203297737814 3.9275256050352505
-3.9557667214788657 4.228095125130725
-3.9901242831516415 4.12024420934752
-4.140676849025657 3.834187281929822
-4.0327049023420365 3.9257643450784645
-4.221082100441982 4.10638838596705
-4.03901594647315 3.870317221426674
-4.228863500186155 4.072919348854317
-4.182893985716454 4.138466382779291
-4.162579062869121 4.198093325058513
-4.008016746163946 4.010799995580253
-4.240165883296936 4.228724698363688
-3.9824246552662927 4.122172180782975
-4.041801144160887 3.9673381121632953
-4.034330241453555 4.140208549906418
-4.2065908766600595 3.7981337821030743
-4.2216543977059775 4.19355869312848
-3.937298924792525 3.8739236946893434
-4.10894210816697 4.058396601780271
-3.9698152259081145 3.9636384165436422
-3.8159790004753154 3.8831881897518197
-3.9257836731059332 4.168990039322805
-4.168874862757077 4.215782862092934
-3.8315430534150394 4.222045849998265
-3.7868815498985575 3.7983630491954004
-4.138479342621996 4.008943754804921
-3.8011360234925893 3.849850341821383
-3.7598196952590883 3.766423154720404
-3.9088094561687066 3.8487969753081264
-3.9533381005965826 4.1983776981242125
-3.9938465664120817 3.75739399560827
-4.049106394867262 4.124950403269274
-4.147821460777262 3.781808735118411
-4.121566998176777 4.029554606342047
-4.025055251955842 4.186816711627173
-3.774396336280819 4.176551604615383
-3.753209310406044 4.040836518134752
-3.7992707830666532 4.1670545764295355
-3.861193909091411 4.166135705829048
-3.948267096760241 3.9284004856629124
-4.04665065859314 3.7870129367761822
-3.7551732938948468 4.22509145067458
-3.9142570363255165 4.005861802399567
-3.9522590114285867 4.226446443266361
0.04221803029292759 -3.8050840172126987
-0.09777794597361639 -4.0223546688132235
0.0009779999161392827 -3.8671049691527135
0.235169315614567 -3.850999365120389
0.09793605260211702 -4.105828904987887
0.20239106829820946 -4.000612463558393
-0.13123815979351033 -3.874926454973278
0.14228024537877532 -4.151866059115708
0.06457403541874013 -4.204656678404944
0.031015194804811352 -4.2448536377515795
-0.007810614705078156 -3.9646228884980976
0.08749046292663015 -3.9785418920299054
-0.09596938142132605 -4.198696399605506
-0.07722227370261353 -3.8698348069064776
-0.08964310197511383 -3.759654800254064
-0.08280523418708491 -4.000678689080032
-0.09456947094443763 -3.9099210540832927
-0.11851526087351416 -4.1195725398259695
-0.08819090634093424 -3.9137216264875008
0.16426231375710182 -3.784125789491717
-0.2039071302042174 -4.14188270860818
-0.18269821669395597 -4.183185098114885
0.0651782419028879 -4.140039563993573
0.005561846874412468 -3.938086500134893
-0.19001402777536608 -3.795071820150872
0.10139088317006495 -3.8496807176795316
0.036935667070776834 -3.899268013310169
0.18259554107846881 -4.078184495923436
0.21344131942331113 -4.018887123040327
-0.04683400946988764 -4.0732082382887045
0.11991629992382796 -3.9083535345165954
0.22366599684577215 -3.910518202568754
0.2074744286011047 -3.8618690385931513
-0.15857711208313413 -3.9134922400250822
0.11314760714726224 -4.0737771199631485
-0.1443839243880068 -4.064955697056692
-0.07438035492115957 -3.954168262799388
-0.07628776380283625 -3.833628727130918
0.008627363562182966 -4.154456504201532
-0.22067694000015292 -4.0995214831671305
-0.08572300657236465 -3.9964888067955786
-0.0642941236732753 -4.040283313861485
0.1658274946721361 -4.0587806451060375
0.025624970932674018 -4.141487189397309
-0.19744583336616944 -3.972115815425396
-0.08738471675876691 -3.8829222048329832
0.022635811950339813 -4.147592717317766
-0.1015156995883324 -3.9332895338478107
0.01489904096143324 -3.80905639958801
0.004797554818437244 -3.922824806086297
0.12125203924967098 -4.100049169758745
-0.15072173106180292 -4.116565023419967
0.2221670695639929 -3.886983842060671
-0.08315454855462073 -4.1392102918051314
0.21392400348865553 -3.7667377469304455
-0.09566666809529945 -4.102564573207967
-0.0023572763719127976 -4.221933306435575
-0.19297249197724664 -4.247322503462783
0.16302717404851613 -3.845925762956974
-0.19997825232776384 -3.767217306302266
-0.20005579966770554 -3.958419486209805
-0.07493441373957149 -3.759423854337488
-0.0892939652313115 -4.028495409328644
-0.12017780663224448 -3.8418930993648077
0.02609368911666543 -3.8880942839749952
0.1694651150870652 -3.7854978665405743
-0.0723016008432198 -4.168446524636219
0.18794332626395577 -4.0988265436597
-0.03207775375755889 -4.001490748755993
0.03369422218864748 -3.9204318291362497
-0.16797820250596351 -4.0862063022491615
0.14437497042475006 -4.2396510039584605
-0.07579563223807129 -3.835761462269819
0.229896028892412 -3.7942169443106364
0.0056357224745945955 -3.872895964091716
0.08950120762551772 -4.163267784966328
-0.13831798039163273 -4.24971575358962
0.08246099892043018 -4.233947643729451
0.14943063211277713 -3.9376810868910743
-0.10032482686294081 -4.18115240849426
0.04142024368680025 -3.7610269322964522
0.12717051570587828 -4.154377406278723
0.24581578120728576 -4.194530814641895
0.1783690790482037 -4.246122495055502
0.08419609438301379 -4.2183836047930585
0.1776343166645195 -3.95230957262603
-0.21410912985931502 -3.7629914067163655
-0.10975892639903706 -4.147398717376946
0.16747561368480146 -3.7858948721691235
-0.16450666519294677 -3.889728321223391
0.2034122064309598 -4.22964866432911
0.21932207466206133 -3.8553805748341348
-0.1555329827755409 -4.029855310545676
-0.0063793362527282405 -4.075619067666681
-0.16093022858724626 -3.8061163681223373
-0.15614569477023443 -3.831926488665974
0.030044933287805553 -4.060512456434054
-0.24240180232477743 -3.8925257238663926
-0.18576001014841043 -3.90756142791314
-0.060958961029820624 -3.9319083992793127
0.19835683871691 -3.933879370857488
-0.003100499139545354 -4.013305584833583
0.23878424956968392 -3.9768253806825635
0.1083727995634346 -3.850393069620967
-0.17000195608544916 -4.005132111196924
0.041750016014182934 -3.9219329807661034
0.1868247771745492 -3.99999648823003
0.1937537842009916 -3.84193842626898
-0.18857954044054404 -3.998312139034043
-0.039690325068613364 -4.0013610940967554
0.1593345686771368 -4.074104637235956
0.02300590258449764 -4.092222846316577
0.03211377918318453 -4.2083694485091465
0.08225207826052655 -4.009254004446741
0.10351108870475706 -3.91138487187889
0.17588158808841237 -4.024139899396795
0.21151960059441371 -4.078931729662159
-0.07170349487929778 -4.093399028070026
0.14052862663308385 -4.138331612822621
-0.01981669126013702 -3.9791191588511814
0.07252905901428486 0.0982940046389903
-0.017627030636830354 0.07635381173038941
0.11750028558309938 -0.1340069637834323
0.025438229524992306 -0.05354788021445844
0.16959157681541165 -0.11819798861722258
0.09523826599862317 0.020355679342463573
-0.07749494723019473 0.09027740983877408
2.221423197057426e-06 0.1564607723374009
0.11789865910678171 0.1926621214954342
-0.05041205652547076 0.1534408844318731
-0.09462493654745668 -0.23653774748766088
-0.16039376433390096 -0.12470707759816452
0.06896220660063329 -0.006525108651703138
0.10881836843332554 0.0536802661969476
0.22235378719644727 -0.23596778462349088
-0.06914134870746963 -0.04773862337624779
-0.11622527497123802 0.004493935025855655
-0.04308731178174141 0.20015056111997181
0.21824704947438406 0.1497480864895585
0.002677801073712738 -0.1384675723132413
-0.2261284776988074 0.23078811059087312
-0.0664439898287959 -0.14928710054853905
0.18343546822466772 -0.1480450458047931
0.007950124758702437 0.09275041898214315
-0.24286207614719363 -0.05663204277974698
0.09347000052408844 0.1196795990228719
-0.06558866825867576 0.15984195176682037
-0.12399845130249709 -0.0308673981591871
-0.1257855529211364 0.06724211513310846
0.18174700488350526 -0.19460822418715495
0.017349825284241782 0.07693620638581994
-0.0666257507876466 0.18416398170554837
-0.24992023951528886 -0.03274785167899674
-0.04947268862669618 0.24709762963320014
-0.020307189287199212 0.11844933422672371
-0.15395054965780214 -0.018667572884090156
-0.16604626164442626 0.22502035768181666
-0.22528703192390281 0.026552283316472802
-0.06043220197168381 0.056111554706704925
-0.010769995640559027 0.24992284390879838
0.002811309816520169 -0.22136310148740124
-0.19163153158255136 0.16720140697402242
-0.17446603618446171 -0.09947070328354135
-0.08090702947141609 -0.1474791020511983
-0.14313552908343835 0.02154814297206431
0.07390908339362717 0.030042848839492375
0.030792173656436328 -0.21492257945028514
0.08922923548514045 0.08997986018062598
-0.15091134655422828 0.06336047146839952
0.11449229646168979 -0.18133985371826972
-0.055087220847822915 -0.06392246708430716
-0.05529950081063595 0.0409758924873998
-0.009516421508334427 0.24561612051929355
0.165989475359124 0.14354155222816872
0.17957603514847514 0.18849680345475595
-0.013142259333863038 0.21361035804787243
0.19619688945715769 -0.04122270445194132
0.12023743720156443 -0.205083981495929
-0.11385522263826547 0.22050334283406148
-0.08657633418081173 -0.208198970973679
0.20111170983809873 0.05553016302873326
0.10955539470459436 0.15289165233969054
0.23971534196905447 -0.011118300211712617
0.1297136597583624 -0.0997675627594854
-0.03524092206729351 -0.2097404569533337
0.22446771373649577 0.20630327449863978
0.2253098338929877 -0.21794993924453426
0.1941247544798751 -0.12550902800013336
0.20430298662005186 0.16150081562429708
-0.1257791791304973 -0.09161320829033248
0.0042685397689976035 0.24697036896640373
-0.13897774218460124 0.041676663536147185
-0.12458827859520633 -0.22223916189984716
0.24955147697662539 -0.22158442141912382
-0.22887085900754506 -0.055336794423852365
-0.1755318004249024 -0.1749112547620298
-0.08523373817002156 0.009944175091935292
-0.2235038248864492 -0.17122484947290595
-0.1821098029333591 -0.06946306543948333
-0.1213149837777282 0.18936124836236295
-0.05270431966740308 -0.023454031460181657
0.14437787752540798 -0.2072554458506684
0.23329688562463607 -0.16112027169722287
-0.24174550003287376 -0.017414052075908126
-0.21075980729985339 -0.03592765337988063
0.18974970013174058 -0.01986818153021208
0.13892489301771466 -0.09112753649691252
0.22490680648597516 -0.18030905543922304
-0.0826529325157605 0.2374443205350522
-0.16939287021792732 0.024963451111673862
0.09146753000936136 -0.062097750352664904
-0.03167321198891354 0.07867320454246213
-0.2333712363907029 0.21782282909610262
-0.21783291844121427 -0.21982174721898812
0.11018058889839721 -0.04735411364028791
0.11466169873331195 -0.011197394597097676
-0.14125206108003868 -0.18587344374221548
-0.17469794748453332 0.08000151351029894
0.1483361007531795 -0.08752610259608257
0.08775026060795088 0.21527793615388724
-0.011288864896677686 0.09789319323767287
0.12822425154773748 0.24277085520941744
0.10537396728168003 -0.23707229271569358
-0.06525630645943514 -0.11369040699056698
0.174401761180213 0.09312726257903375
0.09155989191694958 0.10295363612346481
0.21996938949489242 0.1641718099163948
0.22599450244184816 0.16228957017706996
0.019407708002965818 -0.15714113477694658
0.03811502383353532 0.16566155018202028
0.1500311793994804 -0.06667606815217875
0.02484279986901794 0.13078573210062477
0.1892223841131387 0.06705979545044072
-0.11006719949611232 -0.027550307940034713
-0.00116423557091494 0.04712413756283751
-0.03432194560755175 -0.24885205048808212
0.11189180017738565 0.0916424706953633
-0.12024199515265482 0.19828843857163897
-0.1826701389768905 0.022548722931052978
-0.04209904098768408 0.08261661766856654
-0.23904297412868547 4.010786621811541
-0.23150774282055597 4.112327606733868
-0.10119398738362323 4.187883562461082
-0.11676715084332606 4.235950435129452
0.2030620794155914 3.8517398446274043
0.16170880248737285 3.901343798573843
-0.12936068875972218 4.028485987561642
-0.20919959688739587 4.1879939895239
0.15829779301515146 3.9637833001358764
-0.10803340936672295 4.111285859850483
-0.04142665178907734 3.9405843117031725
0.1637488339066447 3.7526092355598664
0.19586002726883467 3.952444733494611
-0.009139202349186248 3.924165340252208
0.0004202299079362759 4.169296488378868
0.20711514454473767 3.8670176343942027
-0.03692360640038028 3.8828913343356515
-0.15172980323615098 3.98654591253424
0.018920063842309043 3.8702758179770824
0.04814384884890133 3.9352421961889283
-0.19072421185771382 3.775019810519439
-0.15100343822527945 4.2158114442802646
-0.0031928714316394324 4.134696659285279
-0.18614136132373765 3.915847681509148
-0.14989376316143754 3.9711212470180617
-0.1263597635237646 3.8353608494749323
-0.2005293566440175 4.122844846205057
0.04957901946866511 3.971625049711541
-0.2435100997472946 4.135274773997461
0.018777388196522526 4.062388285666388
-0.020932608227586136 4.235342546899398
0.1753192629879809 3.837490454681327
0.2125917986612746 4.064763093729283
-0.07844213452795851 3.8336186503770917
-0.18260276848292523 3.889563657470352
-0.11885323396493302 3.8259075322574314
0.14786966398387175 3.961643928547561
-0.18593547826198942 4.2169780814591125
0.1930402609730147 3.877622254340929
-0.10453090564210032 3.904643688498664
0.03887599371323941 4.036927487210168
-0.17465590300417633 3.987947328142933
-0.14552009230965107 4.209927003910141
0.048083511376283194 4.24825787379435
-0.2032579062100648 3.800874853217371
-0.2324288360406937 3.791897416591378
0.17782914904385466 3.8364352667270425
-0.0465241278766203 4.044711279356646
0.12942813205416304 3.933313748303765
0.08834836969750276 4.174309958213149
0.09940136373559605 4.148690965601436
0.22951497525815623 4.220488077439983
-0.23627125328104603 3.751343357311641
-0.18800038951323106 4.038427518737385
0.16267289041252153 3.921897230082698
0.23404859713478016 3.807194922979621
-0.18279041718884115 3.927871653257644
0.14473987382550507 3.941666422763272
0.16763132699987654 3.8349698311654157
-0.11177521198767021 4.01232301154978
-0.19490786614838423 3.7529497115081583
0.22711247286825803 3.942136114377082
0.18437172507405902 3.766689535318952
-0.0019422807564951072 3.9367927129068985
0.2019694088452036 3.9937711928114537
-0.2284008564256505 3.921911711399763
-0.16513939169652048 3.8532311053037422
-0.211187628765506 3.9053191059069245
0.21085179017674743 4.139594289078187
0.1423334664157383 4.122256986737563
-0.13816795516744002 3.8491885789444664
0.030080590327493717 4.153688541176862
0.0005852671004428212 4.145667319971032
-0.20911627422549872 3.903506756591558
0.03799886812230635 3.8572964911304015
-0.017748739050216733 3.977661105475144
0.05399282532061522 4.108447289750259
-0.05192784721598476 3.894280351161196
0.10239730975319467 4.041127795933702
0.0854272019162341 4.040661330328125
0.05134676342489786 4.128753305833326
0.07084478651333254 3.791897198088648
-0.08292559934440452 3.777289449197772
-0.12667787774782313 3.85976212458604
0.10888514022772522 3.954951052706654
-0.14458504286988422 3.947231801248594
0.13528531082120648 4.0692283823578554
0.22067372036087568 4.123639182412617
-0.06605642915785409 3.8145481643691674
-0.22964417316916458 4.066195435256506
0.08191670476196927 4.23154471437088
-0.02638379422527448 4.2404571046426245
0.04587876160853377 3.793282949306628
-0.18318791744151464 3.9093540270589022
-0.2019552758598615 4.133163600955639
-0.09334469097047332 3.980651141947807
-0.04306063884227196 3.9333497720999246
0.10846761742746713 3.764849124903225
0.2184676762243935 4.071256506963065
-0.1860850776571642 3.9807297031249216
0.16446499263342468 4.1401719141263245
0.016365381113148447 4.2397073132377345
0.15369819918224137 4.11895430001693
-0.20407596657790372 3.902417086425597
-0.13654179337672195 3.818811297690936
-0.024539071674286983 3.909858440401912
0.19378683305825034 3.996866906891652
-0.14201739567107496 4.021996729354584
-0.22331361819070739 4.23493018217434
-0.038304417442060645 3.9726403725867474
-0.17372591310414237 3.78986673893859
-0.24550595111160267 3.8951232588258478
-0.14414656357473876 4.132645754489341
0.17328670342969843 4.224766567428764
0.012330154325525922 3.8597619673836077
-0.14734058072596867 3.897137160229489
0.06387132237265497 3.997101448473096
0.050443939233102864 4.086501588356995
-0.15282026191493264 3.903935305851923
0.19774228000992478 3.8311641208787033
4.209018361327312 -3.788116305749981
4.214170906214289 -3.8740935322419796
3.948070739603813 -4.241432357958138
4.155176424327575 -3.9134083346798163
3.9234644033035346 -3.8328601886164355
4.175961463840078 -4.0631790644848325
4.104219025279721 -3.8427656672624013
3.9864334268630586 -3.7769979056153824
4.166274176067004 -3.910605693571638
3.9530380577670434 -3.9380807207675685
3.9977948929584453 -3.8483365599432697
4.03560619651496 -3.921606198299774
3.829582342024969 -4.064663444964425
4.241989730726637 -4.081243973183326
4.034235870561447 -3.9446391588439185
3.8459639414636673 -3.8327369735385943
3.9893931424812314 -4.211041892805094
4.092533821612706 -3.8149955040356005
3.7847157707965735 -4.068660288314581
4.073247450958677 -3.893887059011919
4.077936016729214 -3.9781959795494
3.9972275293563455 -3.8413033497165356
3.919503904140902 -3.775550122531492
4.10427292221947 -4.02506570832901
3.768683681918484 -3.938479961153948
3.9459100275572423 -3.75497694618887
4.071045223441356 -4.01575729635929
3.7991167859643253 -3.945760699089341
3.8151638237961003 -3.8733023417742145
3.8122813177940817 -3.926690663278757
4.024169697161365 -4.056050711142028
4.241008416845035 -3.7969042091347864
3.9072956777045653 -4.012467108622041
4.246321213577968 -3.885704625357628
4.0689445897551115 -3.7572697565516244
3.793822899525009 -4.198817369967693
4.079792255942364 -4.184008379552193
3.980334929086406 -4.210879754326579
4.1127355362132665 -3.907779551549842
3.7510612852807705 -3.807655635220334
3.793309994651925 -3.8884909400511445
4.062981342066807 -3.9873591633524565
4.243587185513254 -4.153084498011748
4.134825551298409 -3.79261389995142
3.961871442839563 -4.093521213299422
3.988700468660992 -3.757742687432105
4.1203125730638765 -4.122826715230852
3.8046216639555857 -4.214559950480965
3.8177327349456327 -4.066776871926592
4.173003772411758 -3.837740325474187
4.1872599280507234 -3.973112828341762
4.12305863076258 -3.932778502194366
3.8592421784670443 -4.147816895386291
4.045600497076922 -4.028576601193052
4.105269242349092 -3.994209649703759
3.970946542259177 -3.918241219675858
3.8039056126333963 -3.808183029394911
3.8346598747352734 -3.9763195228871444
4.190821763998243 -3.9611007506366875
3.847065889749657 -3.8002240021006966
4.124821276604982 -4.200211576112808
3.753181853729601 -3.998535068441754
4.189820023079952 -4.006854886915651
3.989405182909099 -3.9720599796292295
4.127247669401383 -3.8060620434767167
3.8643433535368406 -3.8161132179334367
4.103149872334367 -3.882342651141049
4.0412480150459595 -3.854558459240805
4.064763098259147 -4.151267516808365
4.162180086483746 -3.828728055038967
3.985671616407884 -4.047940527139644
4.150587689049619 -3.9626711483059585
3.9363591449840616 -4.211250104248616
4.1163614203862835 -3.865923702058499
4.164693614910105 -3.943860901392101
3.878672581052969 -4.111782232960416
4.1604763050400875 -3.848652434695937
4.094326070325701 -3.834507085491139
3.889486094167593 -3.8260800143038525
4.235138883051481 -4.012180574619689
3.8286104905737677 -3.7750271826485915
4.099512691296651 -3.883947383697624
3.977638256216067 -4.00638389640123
4.013210459642692 -4.0676247029421395
4.0520602029118065 -4.193149513019941
4.068222610908078 -3.813574183608344
4.009813842260149 -3.961222640791281
3.768692972782525 -3.7517684812943637
4.209402606208262 -3.9731774254384433
4.076963894937998 -3.801324624794867
3.8188163286072876 -3.9000688800822543
3.7724322578192515 -3.8109583472295987
3.7861612402076466 -4.122364438019744
4.094468548993179 -4.1400722926880285
4.04242744350887 -3.80595391493276
3.9714007946029106 -3.9778983452484002
3.9145598945095204 -4.161085035062338
3.9899157789750626 -3.8917596297040635
3.801525900107006 -4.211577837931154
3.7964625679951323 -4.170945136938759
4.165390738719821 -3.9528942859051246
4.215827397748754 -3.9581095753178546
4.035969048673648 -4.185098392292244
4.187331234335279 -4.050726565589048
3.815577051880079 -3.7551134027074315
4.010557196714884 -4.227546790431925
3.855660383356062 -3.8190018531958625
3.817143679818563 -3.968249853295381
3.822714127492955 -3.8518871376085384
4.235290251714495 -4.238913975336422
4.1770811003662605 -4.108637117684617
3.904710201965087 -4.242822150270545
4.1517497737946405 -4.182622195026215
4.001168439155499 -4.1345882382298536
3.7556316361742867 -4.0023691292040375
4.201011605921249 -3.7616555900830364
4.079584198838017 -3.8173292108282815
4.075721976278789 -3.858163138859036
3.786783253271403 -3.78929090116799
4.03304284859311 -3.932292191819257
3.772715138303642 -0.06403216384302357
3.9103671462335194 -0.029110567393045184
4.1369129007619465 0.23894554639812055
3.921684195680214 -0.07148331078821596
4.029280271077183 -0.03920950222324576
4.0518302913037125 0.03424633858754306
3.901356534938287 0.12148145292530355
3.8485253218806053 -0.20538659218489752
4.186813201717044 0.19989112682789434
4.174556641313028 0.15781120131955256
4.007403132830846 -0.13005888840503166
4.220951416364593 0.18945037909040707
3.9741808083728976 -0.07896248371834641
3.8503028009326017 0.08919037914212896
4.243574410612691 -0.1165875990726038
4.219272606604859 0.059671178380401035
3.8128478317308687 0.08475890167412514
3.9521268852627056 -0.2490532013062718
4.195819471473053 -0.0011951180165347686
4.00893965289733 -0.24883493765715747
4.194918472746668 0.11809186726622078
4.1863736169015455 0.02353291632309934
3.806818814148977 -0.14907155576022468
4.048762986831701 -0.19637490238913247
3.996997106153136 -0.05174960247271809
3.871922201195432 0.1360963644239777
4.054690758759397 -0.12757454082395975
3.874708228809074 0.1439907550588861
3.8735417115258803 -0.11831393433118942
3.9176754402206915 -0.1553222396504471
4.229849271068588 -0.1678015918991681
4.0367668757295 0.24707885960781917
3.878166591421306 -0.18016635845636986
3.8551841766120343 0.14284104160332078
4.164539928401545 0.22288686340905545
4.246575702560751 0.20741369994550207
3.811418842473543 -0.11752849335572524
3.8576777811870033 -0.17493856514073902
4.216823422556859 0.11380703511578533
4.117596373982988 0.23875228140449972
3.764513836905184 0.06759601625755884
3.804850654690553 -0.09514255586267262
3.7642750097962585 0.10971719760951282
4.161649761815893 -0.09414465445090436
4.028491476821956 -0.09689362225690962
4.182788140836794 -0.22728055194688618
4.208001481331668 0.019226529149569294
4.212574551678549 0.16443590102355293
3.7800088079646748 -0.24576535932620808
4.119216063254229 0.15128415628810388
3.949129762372965 -0.23755357531517252
4.041190704930398 0.11076471637767321
3.904885824028956 -0.0074967038865476066
3.8728711923316155 0.221030597950374
3.916073057619803 0.15349389244156103
4.15371361781415 -0.11624954995529596
4.179314818684986 0.2395441749745716
4.148566603418144 0.13101864491199888
3.98899013548129 0.05046963723119474
4.2294107151336995 0.09984751212700549
4.1273787066455565 0.07418070579177738
3.7815059544648943 0.13971979060289658
4.123183232401363 -0.02416843030754201
3.951893529918303 -0.020457856661100615
4.024809310881118 -0.14890740183567208
4.044268718373568 -0.19152272563558054
3.8168353400263344 -0.04864477292887803
4.177915556880638 0.1342971957270952
4.151647345643892 0.11689453353411372
4.048454735450227 -0.01862481524797599
3.9361639272036215 -0.09084499290289322
3.901503841800771 -0.1692184656584289
4.059815949957072 -0.15785572572521817
4.1013550412304935 -0.1934109972771778
3.768917176055279 -0.17364334044482177
3.791582230953819 -0.1705761422113779
3.9056282026056026 -0.0457029132842704
4.082796962926038 -0.008555691280486222
3.8949851265951967 0.19663426957157376
4.014097997897546 -0.19509403133750436
3.8267293341625503 -0.003743758890504323
3.7684122712780654 -0.19059238478757617
4.201615483733763 -0.12705391394142534
3.772555196555006 -0.08319257863186313
3.974036469021059 0.18215453693104455
4.048821042054161 0.006422939917836323
3.8229769951271644 0.1934800675900069
3.963070853543238 0.22619468896536643
4.087475465722082 -0.016296722313985823
4.063383629285953 0.2202864940791991
4.140179595469672 0.10209147274481045
3.8402475871766732 0.24958597249071435
4.010089361121655 0.13979689951917312
4.215186276085424 -0.194081572272217
4.154749676917774 0.02096103918830461
3.8544740960908195 0.1201632138690929
3.828536540982691 0.018272519605360416
3.8728343485967622 0.19987403529849007
4.224643392486485 0.1679727188860345
3.7528938271584638 -0.08110893934798163
4.001607786563518 0.1850477074896854
3.80929487885411 0.00980713846255682
4.176592298083114 0.16389602451106572
4.064173153518341 -0.09427378541511922
3.881851954131638 -0.2221739523659384
4.177598794456845 -0.09494439522391196
3.8711672681544953 0.04819173914449304
3.9081310658730875 0.08003573455834939
4.038842936312127 -0.17834006019174575
3.904238204538913 0.19529389291733162
3.983601478074322 0.027745592697401955
4.160469365319306 -0.020075619919951604
3.9135028692902405 -0.11868711437731294
4.0860357072611215 0.24702936838412815
3.9515423742632776 0.15989383995209322
3.950970559694603 0.016908967305335587
3.932276973327517 -0.1535018570562594
4.228008405295961 0.022613874741937268
4.1806629582383295 -0.053925474234050474
4.106538088164768 0.07972681739417808
3.8400679196828174 3.8530944233247486
3.9467622293784808 3.7662734170789656
3.913239359594348 3.8052672719890595
4.124794436327692 4.12633391990547
4.212231044220467 4.125607421967202
3.7720560694744947 3.9635534814912043
4.043689600016095 3.906148482734849
3.9191499870549547 3.8766207625469273
4.045430217609142 4.2332683791569785
3.82874369621589 4.233907888676991
4.069881543196688 4.213236724833598
3.7879702338269503 3.8220616503585263
3.9505880144297882 4.188588766502575
4.165778933911649 3.8702668535419495
4.192945435305489 3.945397794873619
3.986640195822674 3.918647086404161
4.226029450147451 4.1166088134011
3.9360109972955755 4.071918057880837
3.8900487403680124 4.182468200775935
3.841456773435548 4.186506907800092
3.797953911697249 4.0960128874867525
4.083371329532568 3.833244606130177
4.10390565011325 4.066616692496172
3.790907517228491 4.099671993869893
4.2038336505492415 3.7793259991724155
4.050613977243506 4.106173469549304
3.7666958908564303 3.9548228539353047
4.039178850782387 4.161033616595999
3.7620684699058162 3.9432917919245236
3.8590037614840313 3.829609014772926
4.188120546756523 4.234260049761496
4.05218795530619 4.055480340747345
4.119969042384253 4.20786997833519
3.798779632425081 3.7832099581266325
3.8890414607965385 4.161573823508779
4.034690331745782 3.7592024049293666
4.115370318608238 3.7819448733571006
3.880862831656777 4.198766078662505
3.9466156054521617 3.8517876666180197
3.7689839292703713 4.032060784186291
4.212711897058199 3.780503637863656
4.125607785667832 4.2156209784055125
3.8168492117287607 3.884768554503573
3.8035297058227453 3.9665822835676234
3.9816185381384672 3.7571621133389925
4.046648907368681 4.165466954489154
3.7902617525251605 4.215341667283083
3.931241737963105 4.1071401581167715
3.933791590853318 3.884471359024432
4.1412093357952315 3.803665055129473
3.823497832052564 4.123351688962032
4.0127249634954465 3.9320776216047095
4.207439964618932 4.102268447859355
4.040402299500768 4.159091059137528
3.8961891662989263 3.7719083377440077
3.958962382567508 4.2449554382391845
3.7720867815656507 4.1771679653393115
3.9279574885593598 3.85301122554241
4.220360134632489 3.950649271099095
4.057854363252028 4.155052136491964
4.233417740251216 3.7860243574371295
3.86866630480814 3.8727343730535075
4.188572704161334 4.149210009549875
4.004539614052618 4.1566410752393725
3.942840741384832 3.8786963288882115
4.245482556294689 3.7545173803862033
4.044208769551239 4.139788721079211
4.247712391216539 3.9264102497859374
4.004210455215683 4.054657251941241
3.8912906707706374 4.201474829896898
4.165567142651951 4.174541714023869
3.75599511669542 3.986153677184496
4.028365306236963 4.137271718340772
3.8592093738638384 4.235363416907595
4.231977775324608 4.176039994781181
4.065742105485398 4.15024691405389
4.140210237471679 4.093320881944152
4.240875346340147 3.8107424247792827
3.8401900322458253 4.069259030823868
4.178734176074879 3.9632346662013442
3.908381948620043 3.9701897325666327
3.846001563361191 3.9824566482642583
4.110537750474848 4.00628056678405
4.022489447597757 4.060608215537544
4.155468636719582 3.881539823342393
4.019311008176527 4.06448917684099
4.0697893771194495 3.926979114348984
3.8409292305149942 3.962927492750688
3.9540484554126465 3.75687293886028
3.862383768716334 3.9763574982510828
4.158952417166058 4.090969008487292
4.088836461930104 3.9753287837588487
4.09197801178761 4.083481156573882
4.111106469292582 4.13353466576058
3.793580546839461 3.9221506175606997
3.8089082842379995 4.24937746772789
4.155218851372356 4.050775770691835
3.9649273276003827 3.8500160794983826
4.096818692091574 4.02078098680404
3.781472386510842 4.038834005002653
3.7536455195008176 4.109080395990151
4.054519947398051 4.186233744534504
3.8625128942703904 4.117281954874251
3.8744006931709487 3.8793531768942326
4.076794566128255 4.0775541333853855
4.0357298415623575 4.118060567213165
4.210892287123379 3.9363599853609528
3.8816216231741003 3.873519501634044
4.1774367226792615 3.783417176439502
3.966333391032219 4.161304971262549
4.242721202752201 3.768806441380557
4.066785002559285 4.104548914604277
4.035840724878263 3.9538863155843473
3.8341403730665666 3.959730024420659
4.1521118815279845 3.860692357223188
3.949684626669849 4.093825664459793
3.9609972914892526 3.839514651041017
4.0062447028890285 3.8462416709907536
4.080947021275403 3.7870971353989225
3.9187180354077173 3.765178242597376
-0.594 -3.766
0.68 -2.6
2.51 -2.538
1.887 4.788
-1.614 -4.249
4.041 -0.207
0.908 -3.978
-3.141 -0.006
1.366 2.065
3.299 2.982
3.85 3.87
1.264 -0.416
-2.937 -0.87
0.798 2.272
3.193 2.37
-3.359 -2.141
-1.419 3.929
4.691 4.166
2.757 -1.123
-1.418 -1.945
-3.504 -1.306
4.084 -4.278
1.252 1.706
-1.962 2.541
-0.447 0.554
-0.251 4.863
0.759 0.756
-1.267 -0.581
2.929 -3.256
3.711 -4.707
-1.791 1.454
2.971 1.622
-3.243 -3.16
1.71 -4.323
-0.5 4.482
2.709 0.765
-4.781 3.607
-3.32 1.689
4.013 4.165
3.259 0.15
-3.17 3.72
3.541 -4.739
4.123 4.953
4.077 -0.694
-4.375 -4.296
1.536 -2.466
-2.368 2.502
3.575 -1.884
-2.724 -2.167
-0.215 -3.352
-1.999 0.684
-2.534 -0.038
3.246 2.036
0.18 3.045
1.723 2.526
2.041 1.926
1.215 2.232
1.201 -1.072
-4.885 2.132
2.596 1.292
2.04 -4.267
-4.126 4.988
0.716 -2.784
4.93 3.377
4.492 2.632
-1.108 -2.518
-0.937 -2.865
-0.957 0.101
-4.759 -4.31
-0.824 2.394
0.793 -0.998
3.773 -3.101
1.285 0.577
-2.599 1.561
0.348 -0.283
3.659 -4.737
2.61 -0.981
1.185 -3.585
-3.37 2.584
-4.695 -1.741
-1.23 4.895
-0.656 -2.837
-4.504 1.194
1.954 -1.045
-4.539 4.738
-4.503 2.218
3.009 -1.772
-0.368 0.19
-1.056 2.882
3.178 4.705
2.729 -4.561
4.746 -3.386
1.233 -4.123
-1.059 4.951
3.0 3.456
3.103 0.912
0.79 -3.226
-3.767 3.445
4.905 2.935
-3.875 -4.922
1.357 -2.455
0.541 0.883
-4.295 3.892
-4.002 -0.17
4.783 -1.831
2.263 3.266
-1.888 -4.625
4.936 0.849
-1.074 3.825
-1.333 1.513
3.223 -0.348
-0.737 -0.861
-0.347 3.203
-3.965 4.897
0.308 2.718
-3.285 -3.166
-0.749 0.579
-3.698 -0.262
4.526 4.966
-3.19 -1.793
2.87 0.733
-4.831 1.425
0.43 1.904
-2.475 -4.261
-4.145 -0.445
-3.868 0.57
-1.035 -1.353
2.953 -3.859
-1.06 1.561
2.178 -1.248
-1.757 -3.541
-3.752 3.573
2.687 -4.911
1.613 -3.082
3.037 3.979
-3.345 -4.846
1.096 0.171
-2.74 -1.881
-0.612 -4.335
2.778 2.728
-2.901 2.017
2.588 3.774
0.323 -0.418
3.206 -3.754
0.876 1.918
0.068 2.283
-4.107 2.239
4.712 -3.805
1.913 -2.981
0.904 2.693
-1.309 4.978
-0.068 -4.344
-2.032 4.451
0.294 -0.525
4.952 -0.42
-1.68 0.939
1.467 1.829
-4.0 -4.618
-2.219 -3.912
3.741 1.678
-3.567 1.085
1.187 -2.464
-0.734 -0.784
3.006 0.268
0.528 0.514
0.018 -4.297
3.644 -2.25
4.695 -0.087
-0.697 -1.769
-4.0 4.462
2.378 -3.276
4.707 3.643
2.449 3.277
3.366 -4.342
-1.705 4.494
1.387 -4.682
-3.235 -1.118
-1.978 1.238
1.108 4.717
4.418 3.159
-0.679 -3.476
-0.581 -4.449
-4.437 -1.947
-1.324 2.195
-3.693 2.842
0.752 -3.327
3.57 -1.302
0.69 -0.033
4.65 1.381
3.984 -4.127
3.356 -2.113
-2.616 3.028
-3.548 0.87
1.688 -0.956
4.211 3.652
-0.06 2.393
-1.937 -4.038
1.385 1.645
3.426 -1.334
-1.831 0.526
4.175 -3.82
4.569 3.256
-2.399 -4.576
0.486 -3.979
-3.041 0.833
2.492 1.094
-1.907 3.05
-0.228 -1.105
1.582 -4.396
-4.142 -1.634
3.986 0.83
-1.202 2.135
4.654 4.208
-1.966 -2.646
3.873 -0.977
2.385 -2.608
2.579 -4.089
3.33 1.021
-0.802 -3.759
-3.092 3.406
1.585 -3.388
-0.376 -0.701
-2.587 4.951
-0.53 -3.805
-1.185 -3.305
3.72 1.435
2.818 3.266
-0.921 -3.375
-2.376 2.039
-3.944 -1.918
-2.353 2.443
3.81 4.843
-3.114 0.714
4.864 -4.888
2.462 -4.129
-4.945 -0.575
1.849 3.118
-1.895 -3.799
1.926 4.28
-2.076 0.324
4.348 2.375
2.497 -4.501
-1.606 -1.569
-2.075 -0.676
4.102 -1.42
4.896 -1.939
3.344 -3.706
3.366 2.032
-0.19 0.195
-3.577 1.808
-1.672 -2.607
-1.158 -0.581
-4.507 -2.109
-3.751 -3.635
2.207 0.237
-2.301 0.276
-0.375 -4.408
4.922 3.133
-4.555 3.784
-2.71 4.656
-3.449 -1.167
-4.064 -0.685
-2.173 0.867
1.69 -2.872
-3.092 4.254
3.278 4.691
2.142 3.776
-3.889 2.559
2.524 -2.933
4.028 1.787
-2.781 0.875
-4.533 -1.234
0.884 -2.274
2.715 -3.548
-0.528 -4.752
1.238 1.966
2.493 -0.095
-1.324 4.58
1.132 4.714
3.415 3.792
2.883 -1.849
1.333 -3.272
0.399 3.087
2.359 -3.51
-0.276 -3.991
0.458 3.534
-4.964 2.891
-1.216 -0.439
4.535 -0.147
-0.233 3.495
-3.071 1.059
-0.704 2.03
4.178 -1.965
4.168 0.989
-1.54 2.132
-0.445 -2.84
0.704 1.434
4.831 -0.772
3.489 -4.12
4.935 -4.249
-3.898 -0.076
1.098 1.467
3.255 -2.694
3.053 -1.401
4.105 -1.063
3.445 3.409
0.998 2.333
1.713 -1.637
-4.505 -0.662
4.31 -4.376
3.006 1.394
2.318 0.72
4.798 -0.151
-2.23 -2.961
-0.628 2.541
-3.464 -1.282
-3.574 -4.174
-1.68 0.306
-1.605 0.132
-2.621 -4.936
-4.727 4.553
0.066 -1.866
-0.472 -3.269
-1.325 -4.84
1.6 1.485
3.185 -0.584
3.25 0.453
4.742 2.661
-4.529 -4.676
0.714 -4.42
-3.695 -4.767
4.849 -2.332
0.141 -3.672
-1.975 -2.893
0.987 1.872
-3.393 -3.559
-1.211 1.661
1.788 1.344
-4.929 -0.195
2.096 2.273
-0.121 -4.933
-1.946 -1.654
-2.51 -2.793
0.93 -1.252
-4.388 1.363
1.884 -0.935
-4.652 -2.181
-4.035 -2.898
4.252 1.163
4.097 -1.506
2.021 -1.972
4.153 -0.976
1.981 -2.336
3.228 -1.903
3.384 0.179
3.628 2.987
-0.745 3.847
-1.635 0.375
3.825 0.684
0.042 -4.0
0.666 -0.774
-3.883 1.02
-3.796 -2.184
-4.716 3.025
4.934 0.435
-0.159 1.48
4.493 0.761
-3.404 2.528
-3.828 0.013
4.065 -3.629
-2.522 -0.133
-3.61 -3.693
-0.632 2.738
4.834 0.787
-2.182 -4.818
0.712 0.116
-3.929 -0.875
-3.52 2.565
4.126 -1.676
-0.29 1.546
-1.913 1.708
0.039 -0.669
3.535 1.333
3.212 -2.753
-2.465 -4.429
4.045 0.269
-3.876 3.648
1.054 -0.05
-4.207 1.793
-2.934 3.858
3.105 1.528
3.912 4.599
-1.421 -4.088
0.138 1.553
-0.116 -1.464
0.218 4.435
-0.205 1.197
0.814 -4.272
1.201 -1.598
1.424 0.035
-1.336 -4.087
-0.378 -0.56
-1.307 3.655
-0.645 -3.162
4.375 -2.192
1.932 1.527
-3.996 2.985
3.099 -4.081
-2.459 3.602
-0.536 -2.981
0.155 -1.742
2.771 -0.646
2.311 -1.928
0.263 1.091
4.46 -2.128
-2.457 -0.443
-1.138 4.773
0.295 -3.485
-1.446 1.158
2.939 2.997
-0.902 2.784
4.448 -2.867
-0.181 -0.807
-4.813 -3.026
-3.175 1.811
-0.414 2.987
-3.179 -1.272
2.083 -2.645
1.386 2.104
-2.651 -1.268
-2.685 -4.169
-2.346 -0.599
1.749 2.466
-1.133 4.163
4.031 -4.202
-2.535 4.681
-1.285 0.522
4.107 -3.608
-4.77 3.693
4.098 3.399
2.525 1.859
2.173 0.336
-0.29 0.967
1.326 -4.768
2.446 -3.555
4.662 4.941
1.636 -0.301
1.895 -2.567
3.6 -1.172
3.757 2.797
3.33 1.034
1.719 2.033
-1.051 -3.29
-3.694 2.34
-1.296 -2.97
1.566 -4.499
-4.204 -1.648
2.312 2.815
4.187 2.201
-0.568 -2.44
4.234 1.855
3.985 -3.66
-1.937 -1.884
-4.549 -4.906
1.789 -1.823
1.45 2.396
-0.822 -0.045
-2.978 2.035
3.336 -0.251
-4.153 -1.569
3.798 0.549
-3.866 4.838
-2.01 -3.503
-4.507 0.534
0.714 -3.382
-4.86 4.641
3.285 4.493
-1.309 -2.039
-1.808 4.547
-0.546 0.417
-1.617 1.836
1.767 -1.053
4.754 -1.451
-3.312 1.044
-3.613 -0.494
3.284 -1.685
-0.173 -4.707
4.353 0.172
1.151 3.561
-1.227 -4.979
4.562 4.703
-0.828 1.561
2.973 -0.514
2.0 2.837
0.955 1.198
-1.163 -4.959
0.363 4.572
-2.357 1.724
-1.642 -0.914
-3.268 1.115
-0.975 -4.075
-0.108 -4.373
2.083 -3.617
-4.552 -2.006
-1.04 0.199
1.975 2.535
3.793 -2.565
1.509 -4.879
4.185 0.063
-0.317 0.438
-0.282 4.882
3.736 1.332
1.239 3.812
3.165 1.75
0.089 0.686
2.058 -1.606
-0.963 0.098
-0.013 2.586
4.506 -1.767
-0.267 4.804
2.742 -0.112
-0.844 -4.38
-4.601 -3.922
0.137 -2.867
4.392 -3.167
2.292 -4.598
-4.178 -2.511
1.721 -3.606
2.752 -3.976
1.496 -0.276
2.951 2.083
-4.194 2.713
-1.921 -0.937
-3.665 3.419
-4.929 3.526
3.212 1.766
-0.614 -0.072
2.693 -1.897
-1.68 4.975
3.611 2.68
3.742 -1.531
2.015 -1.916
-2.905 1.899
-1.6 1.002
0.421 1.669
1.105 2.633
4.72 4.663
1.62 3.317
-4.319 1.378
3.379 0.072
-0.007 -2.768
-1.972 3.35
2.831 0.869
2.857 -4.847
-0.262 -2.954
0.819 2.087
0.357 -3.745
-4.058 -1.972
2.152 1.828
1.969 3.775
-4.768 1.235
2.872 3.163
-1.111 1.425
-0.052 4.021
4.481 -2.639
-3.841 -3.054
-4.394 1.966
3.05 -3.612
-3.051 2.65
-3.134 4.74
4.376 1.504
4.857 -1.565
3.609 4.545
-4.776 2.788
1.147 -3.154
0.185 3.467
0.862 3.048
1.053 -2.524
1.833 4.368
2.574 4.708
-0.289 -3.096
1.322 1.878
-1.654 -1.826
-4.834 -2.963
1.105 3.273
1.833 -2.035
2.559 -0.055
-3.938 2.177
-4.994 3.469
3.949 2.872
-1.768 -2.709
0.165 -4.725
3.344 1.506
2.165 3.091
-4.527 -1.626
-4.786 -1.281
1.755 -0.702
-2.388 0.683
0.668 0.011
0.55 -0.092
-0.031 4.587
-1.247 3.262
0.165 2.403
0.4 0.963
-1.847 -2.881
1.298 -0.047
2.076 2.43
-2.647 0.637
0.328 0.298
3.164 -1.569
-0.541 2.749
-3.191 3.507
3.747 -3.987
1.022 3.408
-1.364 -2.583
-3.156 -3.272
-0.275 -0.512
-3.084 -0.417
-1.227 -1.362
1.87 3.4
1.128 3.628
-3.99 2.405
0.642 -3.89
-1.993 4.679
-0.485 0.442
1.172 -2.62
-4.349 4.934
1.457 -2.982
-0.077 2.885
-1.42 -0.22
-2.859 -1.15
0.432 4.295
-3.97 -2.191
2.25 -4.905
-4.429 1.94
-1.347 -3.083
-0.327 2.713
-1.222 -4.512
4.006 4.913
-0.918 -3.296
-3.088 -1.085
3.132 -0.242
-0.586 1.631
-2.66 -2.629
-1.415 -3.284
-3.547 2.719
-4.918 -2.423
3.655 -3.08
4.587 0.66
-3.26 3.085
0.126 -2.753
4.467 -2.415
3.315 2.331
0.417 3.716
4.198 1.682
1.884 3.644
-1.657 2.589
2.964 -2.781
-1.19 -2.423
4.619 3.633
1.445 -2.524
2.077 0.102
-0.962 4.39
3.148 -0.427
-2.978 1.757
1.807 4.86
-2.351 4.862
1.994 3.594
-2.205 0.027
-2.301 -2.743
0.431 2.965
-0.754 3.606
-0.731 -2.039
-1.347 -2.197
3.84 0.626
-3.997 2.972
-0.442 -1.843
-4.597 -2.208
2.869 -1.707
-0.849 -1.321
-2.349 -2.125
-1.723 -2.046
-0.353 -4.188
-2.106 0.3
4.97 2.938
-4.051 -3.552
-1.051 1.581
3.215 -0.339
-1.268 -2.407
0.761 -1.132
-3.357 4.864
-2.632 0.661
3.003 -1.086
-1.156 4.152
-1.06 -0.749
2.224 -2.466
0.812 0.978
-0.071 4.456
-3.099 1.877
-1.175 3.996
2.952 -1.056
-4.973 2.149
3.799 -1.227
1.382 1.408
0.827 -3.54
-4.656 4.374
2.419 3.808
3.685 -0.283
3.414 1.985
1.408 -1.283
3.655 -2.47
0.77 0.099
1.771 -2.945
1.671 4.842
0.854 3.938
3.296 3.567
-1.117 2.071
1.468 -1.581
-4.176 -0.888
4.834 3.811
-0.445 3.722
-0.262 3.036
-3.959 1.7
-0.529 4.268
4.73 -2.587
0.567 0.584
-0.515 -0.661
4.607 -1.439
3.955 0.909
4.916 2.619
-0.87 -1.78
-1.743 1.175
-1.07 3.453
-1.525 -0.657
-0.191 -2.97
-3.107 -1.974
1.483 2.394
3.966 -2.255
0.651 -0.89
3.21 1.141
-2.931 2.152
-2.742 0.461
-0.33 1.796
-3.232 -3.731
3.516 -1.166
-3.023 -1.747
-0.955 -1.243
3.425 -1.048
1.747 -2.648
-3.749 1.759
3.584 1.82
0.314 -0.627
-3.841 1.383
-0.07 -0.234
4.199 -0.77
-4.452 3.496
0.544 0.549
3.846 -1.852
-0.984 2.813
-1.812 -3.32
0.473 -4.864
3.207 -2.63
-3.389 -1.817
0.623 -0.056
0.584 4.063
-0.428 4.399
4.537 4.072
2.322 4.623
2.445 0.069
-3.673 -4.246
-3.587 4.563
-1.459 3.825
-4.906 -2.454
0.369 -4.359
-3.899 -0.082
1.908 -2.054
-1.731 0.952
2.537 1.558
-1.571 2.524
4.295 4.406
-3.134 2.336
-4.485 -2.103
-2.818 -1.346
2.959 -1.017
2.201 -2.533
1.39 -2.802
-1.908 1.986
-1.415 2.37
-3.197 -2.839
0.6 -3.666
3.409 -2.442
-1.685 3.26
-1.28 -2.111
-1.757 4.063
4.446 -1.817
3.944 0.746
0.243 -2.848
0.849 4.813
2.945 4.139
-2.357 -4.615
