100 2
-0.3442057041836485 0.15138699495551022
-0.08728328338810343 -0.014738728086446828
0.34348936893756266 -0.11145574843132655
0.07613250756402268 0.44553973031669125
0.40660038105798757 -0.43262062322738937
0.48140606456890045 0.04308263459679351
0.4164355642162282 0.4370228766875025
-0.35803410945639214 -0.3813243073562862
0.43043705539160393 0.3968080902455169
0.02191531892205001 -0.2619971985952696
-0.2794744019979203 0.453255435059976
0.46073199667340736 -0.27243667268566885
0.15003864322798244 0.13543382443510876
0.1737691239976582 -0.43590644188171646
-0.14481490637678585 0.2684122544593983
-0.2836948530026058 -0.09004845549789509
0.23890611410680096 0.2821925877365097
0.46207139057654145 -0.11810446715048217
0.4583094588356461 -0.04031032359387565
0.47705063229436107 -0.3441301235003784
-0.4366622939347955 0.06811359090941793
-0.1913175105427939 -0.4788082768481683
-0.4451476093064862 -0.31220954282199154
-0.1892127089570821 -0.19156461618043796
0.0907147716037009 0.41869125990176026
0.3249738966453164 0.20304141553464627
0.35736445313980314 -0.31567379365797554
0.3116702802613509 0.09862994230184396
0.03166713985147096 0.4875101794264537
-0.10140623786633862 -0.13209464704105134
0.401263561778054 -0.3472844856560394
-0.07832340997179665 -0.23584930566502804
-0.15751300743841956 0.22572954893805486
0.44842135836419617 0.49040784167421814
0.4568474315863609 -0.15229239362873426
0.3016026329434598 -0.4864679533284655
0.12460413965973505 -0.4921277281250962
-0.09201533887488023 0.31793374576368283
0.4816540908672349 0.43200886721908516
-0.03346127882464811 -0.009108186565109366
0.39217815553820023 -0.466130138793172
-0.42829598047461426 0.2389592651947121
-0.2692840554828473 0.12740894776315692
0.3883947089452209 0.35937448328062593
-0.3605020626214419 -0.23524316742821472
0.40203099858046754 0.18104926370396135
-0.25894639739313774 0.22494761640519267
-0.07766798235150363 0.3152943226311955
-0.05455498020654714 0.20097568514068265
-0.0387530874199461 -0.21893662638416433
2.640043771032988 2.8458016481731034
3.3141109881791153 2.9411109256786943
2.8025383970768907 3.1594224155765454
2.939029370283034 2.60508265898253
3.4446514795895626 3.252070369856531
2.907594950337308 2.9216588051086605
3.165975241099422 3.103974696311074
2.5819837165437294 3.2405504376996586
2.6110387722694623 2.652111935719264
2.8433000219194278 2.8444642123504646
3.1633153996583205 3.081133042524011
3.4840472785846717 2.799407754332754
2.937824692761666 2.9903768983787073
2.5461203215931048 2.928510016980538
2.6435331248967397 3.4350853486409516
3.4485544291694983 2.6258469732097476
2.9903058334245496 3.162597641936042
3.254177558115408 2.753725676552596
3.25095551452973 3.0663400609334945
2.711664911455426 3.2643003247905154
3.044021778926636 2.6803313927516172
3.2699422587936495 2.9707001505953694
3.1715820172608185 2.926432969085781
2.870437631532154 3.055788852656899
2.6185567657601916 2.7548117237586016
2.81016342862224 3.1028705147901294
3.1372012976208623 3.234021119848176
3.2792559705374282 2.7535128550932657
2.6219592609384805 3.2665998202080737
3.1300274171225495 2.7523056429965864
2.5387112786905397 2.5733054301112004
2.6505933571770433 2.527224353075297
2.884548042170602 2.7845986822195483
3.2452424325584426 3.151612866376809
3.09470658954514 2.530313535020288
3.365120592494884 3.3224445618796397
3.3217269394119535 3.2355251572823063
2.9135313588570266 2.839646869575395
2.9411526165357045 2.6778473229047437
3.2645697146321266 2.871381105732831
3.3660855717780973 2.7427995710246194
3.1913091542934486 2.8516255103964516
3.3378343752314468 3.4762493738499454
2.7035388314337157 3.3137563304825424
3.055942779543531 3.4357091071674697
3.4352876766316003 3.43153594199163
2.6223307550564052 2.803764809392523
3.0383252428591896 2.7031126262134415
3.3241781865095703 2.524628220648692
3.3802204310876394 2.5289384539647815
