904 2
-4.1561186275064745 -3.943714380846174
-3.8201204158359765 -3.835927805261774
-4.192935392124548 -4.071578001078688
-4.216211222140531 -4.044913857824729
-3.7746095385584604 -4.10264452404794
-4.043359430279657 -4.235431407110418
-3.964493357935259 -4.096632489373431
-3.8332504393487046 -4.0032096377278945
-3.9419209966002087 -3.837487406914337
-4.008203402748691 -4.055440074653611
-3.906155474530844 -3.8533310373298972
-4.261024781107844 -3.9154242484869064
-4.0731422168546 -4.2072653425714535
-4.189781361650258 -4.17761874575751
-4.2533524841177615 -4.236085927770102
-4.278790683301084 -3.793167118685554
-3.7367197868218307 -4.0266842097141105
-4.262961649714547 -4.211540185716892
-3.8906772190849983 -3.8175201144717916
-4.11050150071923 -3.778095393451062
-3.7682549002058927 -4.1566543432828125
-3.8478923683436053 -4.185710902735867
-4.225931552081666 -4.038849957473829
-4.03175754867811 -3.8288088699805884
-3.7417023407856234 -3.745288094971019
-3.897795279672483 -4.143677681540478
-3.8296201246373562 -3.843841308235529
-3.9743796892927414 -4.084593328253279
-4.2173775232131945 -3.7521357779897735
-4.229913452894051 -3.7164674821029875
-4.223229352398107 -3.896460372727159
-4.049014618865406 -3.8681446533751838
-4.020434877682921 -4.134869147498206
-4.278153719698796 -3.7889299607586095
-4.079508717166579 -4.2236367857802986
-4.258097171742443 -3.9041661957721545
-3.7851059360718953 -4.110557684225262
-3.9589190329926804 -3.9858944705235704
-4.208637616815463 -3.956292229906373
-4.155471295291429 -3.769655113957655
-3.7496838034500026 -4.03971011521898
-3.966130135289196 -4.1798491652004
-4.24936691746986 -4.279966478610948
-4.066124962634473 -3.9603759991006817
-3.8080270853459717 -3.800216758711261
-4.007530861968 -3.9322060416413023
-3.9206539739417994 -4.004694265805972
-3.8532986381712475 -4.085977355208361
-4.070778559559551 -4.150355156890729
-4.225118542341616 -3.825669197148882
-4.101389817823581 -4.117251148696738
-3.9891653417580786 -3.7993355783334524
-4.09940494469673 -3.9580166713061504
-4.035178501927254 -3.820631314217348
-3.9433836854964177 -3.97511899815327
-4.014403057239584 -4.06275758307276
-3.913452340807419 -4.194061121679684
-3.729679313815285 -3.8263684834606897
-3.849449786835737 -3.7490853581770534
-4.00181723880228 -3.9181133811103015
-3.7658181493450193 -3.9999334666598543
-4.009033423884368 -3.8958064772409577
-4.232659395629285 -3.7390436206950044
-4.176129043202066 -3.953551355218141
-4.155259439537251 -4.079335461849125
-4.270746073650065 -3.865656539981227
-4.132276309915659 -3.8875511376730016
-3.93059806553156 -3.9197745895387848
-4.022146621104508 -4.059022385960766
-3.972974069284135 -4.1151418532250705
-4.161352804211764 -4.00987915199916
-3.7900275937907946 -4.170859758174442
-3.8590754167363763 -4.130132011758109
-3.8549921575750328 -3.9882014581431617
-4.194251742900425 -4.26376032365491
-3.829168676570316 -4.088245024781054
-3.7228741786556934 -3.869116293601025
-4.226341357941124 -3.82602445833771
-4.0524245114793525 -4.0251732313317135
-4.087286040360515 -4.276202372119012
-4.246651326550576 -3.813766083173421
-3.7772936066568588 -3.8794996175150707
-3.875351574861468 -3.8093039479494855
-4.014376069601931 -3.721229733357127
-4.091431462693675 -3.867344745550288
-4.254814900785272 -4.223279471822703
-3.7490461438483953 -4.161121205185744
-4.2585815874837865 -4.26025365121381
-4.1393364830214034 -4.2322404026322005
-4.281733196095587 -3.7785733491059355
-4.026828814308045 -3.9222423463845217
-4.186865938025759 -4.118963137179793
-4.018538638557945 -4.178934427707925
-4.27070604588622 -3.945375983411064
-4.003854236168869 -3.8861513417516322
-4.009266538985744 -4.130112312077132
-4.013897134488847 -3.8950311733190146
-3.815092786945884 -4.022803739880317
-3.9357293933953366 -3.9990718322015506
-4.180618203201016 -3.934635365972181
-3.9832489539261986 -0.15390279349190497
-3.7160349109791198 0.3796127121273604
-3.9020302397857107 0.13658181938293226
-4.158901097698985 0.24117545649418426
-3.9571285197785446 0.22223681894703964
-4.12441348097235 -0.016183426978457604
-3.9562287140712695 -0.19166024020512684
-4.000661598221778 -0.15677342083861062
-4.26156493206593 -0.40590510692837156
-3.5632636249739034 -0.27923830340773304
-4.395083381468954 -0.07607507071468907
-4.369885422500829 0.3731656165155555
-3.989610985972414 -0.13260507690561965
-3.7418855945958245 -0.35388452590253805
-4.203909745694594 -0.25616156931852446
-3.8323258694924838 0.33592594565007355
-4.235151955807452 -0.11916525228755284
-3.9962909837951646 0.19614515433223317
-4.131859929919553 0.02674227534878009
-3.6441689240259123 0.39492690872057823
-3.937859388497424 0.3854470149854015
-3.6547508880857533 0.3791685832339201
-4.2952322164205 -0.15173924703412842
-4.2903069189048475 -0.3690908326663267
-3.7831865371592666 -0.18059391863202887
-3.7213475630977326 -0.11034015504388742
-3.61876226306699 -0.15973707791852237
-3.8650079521803926 0.2073561609420597
-3.683013314793584 -0.2906844342765695
-3.735000514390036 -0.05594030507628567
-3.6010921049948763 -0.39857345011189854
-3.863709553587494 -0.06697156043461909
-3.672568660989878 0.23193540857879322
-4.432130597161524 -0.006856484662421581
-3.5534945005489877 0.15519908151293865
-4.396498388571075 -0.3927605918870383
-4.280970641457582 -0.35062739503098567
-4.148014391043349 0.1162278914941721
-3.8306891877676974 -0.08383105039356557
-4.183669531486285 0.41278416302955245
-4.195086187888072 0.22294499739404242
-4.381005096982273 0.20309545715106736
-3.5913984794220504 -0.17202386871068276
-3.6246733997332243 -0.2902332213432843
-3.5844384624609233 -0.44269858920628347
-3.844144152898154 0.37280315415141363
-4.034707399857512 0.21706394126432912
-4.439762346838028 0.4457342274230955
-3.969237580808406 0.3917019357340879
-3.627544660897849 0.07470966791710662
-3.5915862844948245 -0.29754237373233927
-4.203041579623862 0.399141630721514
-4.353038618842828 0.15212504598446386
-4.0336253886512825 0.08997470899122754
-3.6522037939163825 0.1282428864555928
-4.304375326101148 0.22387239016663674
-3.9627118382118605 0.3501744102779934
-3.7510244463024662 -0.3735600519993154
-3.573500415361969 -0.3372291898174178
-3.6413006820991973 0.17362176861498332
-4.053181047871178 -0.021399794023879207
-3.837627306046248 -0.1819684961790775
-3.7871704038357383 -0.21451246554184758
-3.9288838079358066 0.1144838074177225
-3.873266812949706 -0.19622266501282928
-3.720388247233395 0.29171366143018435
-4.354519055121837 -0.2363273167145967
-3.7694639737314732 -0.03488276885925419
-4.167915712217001 0.07151670138283663
-3.575549218244869 0.2587887888015055
-3.684098030909681 0.21774849064511959
-3.699115246410802 0.4393396836569627
-4.246094970091175 -0.005844592087876904
-4.2740536490411625 -0.18785914606794768
-3.7324904024999297 -0.11680184226951132
-3.685149212524092 0.1716527730133933
-3.6531044905685164 0.11637015798035741
-3.8426034294649867 -0.016409155516760685
-3.9578037840283997 0.3146422051080247
-3.769432431337512 0.004546236702817943
-3.7778744536121343 -0.04411315912217131
-3.916725031888378 0.020521265892868592
-3.7452677173919042 -0.22096501914971226
-4.405709938579415 -0.2187247482346111
-3.8693143423833325 0.1930487082157746
-4.056571842645891 0.1455550119749911
-4.174505327999724 -0.08008047838972542
-4.333918790909378 -0.3861249191037681
-4.245452736369427 0.040352355335959364
-3.8269721938274306 -0.3188206724526694
-3.9619684552254553 0.004723206120142782
-4.043630041688924 0.2593013398033976
-4.211777388805484 -0.425950228086873
-4.292733019899132 0.09524741709115465
-4.136635574955928 0.3078143308993771
-4.3901991659169415 0.3005756340012082
-4.0944108713982885 -0.20757872397067498
-4.098181610916909 -0.2906364596564923
-4.075460919848982 0.1962785457760974
-4.370181398778449 0.28856874816734573
-4.095656910329329 3.497719973699906
-4.288144127232356 4.514271898996038
-4.6249427293518535 4.41016299481809
-4.35912259297063 3.5902596516310386
-3.911630850270212 3.3231982309523875
-3.4091415327209353 3.8317664589098457
-4.563945896267879 3.6050084799065987
-4.321974071630649 4.508728373837626
-4.197626969944473 3.7274511219045987
-3.937972365933298 4.307583138228569
-4.275753828128107 4.682689764129174
-3.784100095653178 4.465889951349193
-4.036721098386774 3.7886258906615615
-3.4438893404987843 4.331008655629938
-3.8822863528235745 3.7054537117876105
-4.302068275873852 4.104079222614067
-4.701691296805375 4.26337590584864
-4.150996742018907 4.354392026104066
-4.240212420375733 3.58038995606454
-3.5588573191176875 3.869483603731375
-3.874492960764527 3.9061871039134317
-3.851429321257875 4.054755966065077
-4.370214821815052 4.069834093679565
-4.767952462389954 4.486277245422947
-3.6159703371552694 3.254777239438664
-4.003552513535542 4.610405740614406
-3.7095659676486092 4.748818465078346
-3.386370595423341 4.734951024156613
-4.14698520517737 3.897659553973283
-3.8559796180672925 4.3636722672914825
-3.6014858558461316 4.509420815469239
-4.551258698341992 3.5510072026162085
-4.5872862635341995 4.612450592552314
-4.137279301977212 3.9302371881642024
-3.954413182581017 3.688625651996549
-4.590926845828224 4.372109132637922
-3.7672731291887285 4.669013954338982
-4.608695976434647 4.605210974935994
-3.2827401087908097 4.406094406520847
-3.6548369643937417 4.55643630825569
-4.334981967263294 3.9049177868403393
-4.031208398401319 3.441013029670465
-3.780742136073594 4.6907835660625965
-3.2716494364021895 4.115074490723386
-4.3567552096798146 3.814308774292894
-3.9447951688951073 4.219718629254923
-4.632174891657449 3.2309355998602625
-3.7584987025132945 4.518015623265288
-4.037591563622209 3.5374938711477366
-3.5813377500378474 4.376921626750678
-4.522759010684863 3.9045457238828396
-3.523400067746683 3.716123456780686
-3.9072872937805445 4.173863219558161
-4.425534980834288 3.9916354795045494
-3.5735553696098057 4.7055864161163825
-3.4590310886078317 3.5055592681010976
-3.891113591682585 4.223697472443998
-4.623158598706405 4.752093816016652
-3.5014046871900266 3.3120600454589564
-4.163020696672155 3.580680752116082
-4.364322268166313 3.386717930498439
-3.9235382787384823 4.352605660264379
-3.6153453533417403 4.659086809046108
-3.29258476689402 4.0022390212443755
-4.62043732648878 3.4162424277586556
-4.0974190710765575 3.4592640683652833
-4.540433704463329 3.6143828571218135
-4.223893369377043 4.724510475591021
-4.594168992192008 3.2690424959200297
-3.340402752354077 3.7721512050459873
-4.401088206111709 4.337080877619625
-3.577669931111096 3.3914607919060744
-3.6969952423619716 3.758927724201472
-3.798611822010894 4.54881016816591
-4.36906640769468 3.3138841661472256
-3.3915462117464346 3.358038174216303
-3.9935644481700483 4.156254426792291
-4.721036208552466 3.8419243713540063
-4.411133736415726 3.642729359295189
-4.2503820909680075 4.705321925046073
-4.402338635352676 3.408352996068952
-3.9613944950454685 3.9336951283564265
-4.418897139298683 3.521308999533607
-4.049412888093097 4.1824760110774
-3.581375534433555 3.7290298725352713
-4.177499864478167 3.2390042605789375
-3.5843700190619114 3.9841017711063453
-4.3529004471802395 3.2772881234724105
-4.3220317413144365 4.753876916581519
-4.722365830134612 3.8240772261820117
-3.5410564718205126 4.33255137163251
-3.5286913262515025 3.3410897327738636
-4.467572023794772 3.729912185698517
-3.374186286847637 3.299224428946903
-3.842172892031498 3.890254338240303
-4.597989809208459 4.493438052716752
-3.310769658206942 3.5884763633074943
-3.7221070150979214 4.675647790910078
-3.7332303581380835 3.8569058824509974
-3.9834285906701195 3.3045686706808013
0.2546026077672958 -4.543531148204309
0.4842743959079326 -4.230814061511723
0.3512538224594528 -4.468218312033529
0.17776591937659575 -4.563607163794715
-0.18408977649939962 -4.238264682049429
-0.2687870036929695 -3.5448698338507514
0.13930181892565238 -4.34911624126292
-0.2780832826790424 -4.474922325409048
-0.22120280060474143 -3.7130904124882456
-0.46705044772716364 -3.6666298016952785
-0.04757590141575567 -3.8781019012018794
0.5172298027611265 -4.265265680789715
-0.07567127990969391 -3.7665521974353275
-0.27023533514677794 -3.911675432391721
0.21057321872958856 -3.4726097564746095
-0.2585744578215254 -4.302286569602458
0.5112433271970491 -4.00711555795951
-0.2523456477701392 -4.147285881669655
-0.3531386074394821 -4.50851447912337
0.39108122564415154 -3.642776799803781
-0.12108626769582756 -3.7866861147504856
-0.35670234121135536 -3.8829672772769954
-0.3794084840899081 -4.016573954585383
-0.07744775138615916 -3.9130936447872333
-0.10156445786194616 -4.33107089452265
0.1224745849361574 -4.137808619173546
-0.2238378941895409 -4.311166976112102
0.4575837558894999 -4.168801747769881
0.5667777134016834 -4.094467110054732
0.09302728698960396 -4.049355497324177
-0.4006400039351556 -4.36624366034953
-0.27912954964783904 -4.247056184957739
-0.323417839070983 -4.417710847136916
-0.28264442575238 -3.8984797538778997
-0.1543144512618494 -3.4399735125709148
-0.5591433863534077 -4.5759500985996695
-0.2808349530249997 -3.4437603619032027
0.22696759168838665 -4.004293793536023
-0.5304806711436827 -4.1429839193765545
0.2463027359790718 -4.14752447604008
-0.02943163060382792 -3.8981904578075013
-0.3348500724071212 -4.3645684732133425
-0.4854540558691745 -4.464019503040378
0.11267804304836282 -4.247593159135136
0.24127790691419285 -4.541662278344317
0.25667400398326684 -3.549841628470387
-0.06385459613862478 -3.584336956722849
-0.4440742935904986 -3.8569723909720235
0.4423325841390463 -3.7868595340593916
-0.4520210444066526 -3.5643178305928074
-0.20007621441640394 -4.418900052815174
0.24978335694610507 -4.106082501960541
-0.23152571121708299 -3.447255204339878
-0.35348385666294774 -4.280664295454482
-0.2130931918571527 -4.501055767828551
-0.2991963169241291 -4.126049481466858
0.3711893955093 -3.531008557202913
0.3333744517315377 -4.2013330588548214
0.2164525932670977 -4.434214523011893
-0.5145377218841728 -3.9187129867864683
-0.3028429499520954 -4.124394720354692
-0.1751605876824533 -4.509973223602326
-0.2272097991456265 -3.7162931285132568
-0.46612696627755057 -3.6751652213511785
-0.33511709165825915 -4.320789860846869
0.39365342402963466 -4.101534049519249
-0.441708474884374 -4.021536714846529
-0.16668500953193696 -3.4298093412556416
-0.4327330828293561 -4.346480475479511
0.2292515307601284 -4.313910397322111
0.5690108402948756 -4.230579077893113
-0.36478710316971386 -4.20221038973869
-0.30277723696426556 -4.008385876570774
0.03496902140294294 -4.301683081736362
-0.1551521345591971 -4.382340403026976
0.382079373642789 -4.274781398431177
0.37491851395095593 -3.7671082413474766
0.007367139016436713 -3.8152372549782037
0.1637877780633814 -4.57406247849576
0.38900484406064817 -4.374400464012851
0.18644250687795375 -3.747511715559847
-0.0761544742915351 -3.6341329826133935
0.5654746265403062 -3.890847013666001
-0.26717149285710945 -4.20883893985762
0.1258785407199314 -3.5783990461460644
0.5689481785174177 -3.8972381161554264
-0.3067776369160456 -4.0623831903199275
0.09307784607982836 -3.6928603608384036
0.4082286076811234 -4.113545920779044
-0.33303148296425666 -3.4353112938240233
0.34175861163832744 -4.0271378123479025
0.37185938103155813 -3.738196114176203
0.4434501348601102 -3.917979056570753
0.41559925508997186 -4.125849345534545
-0.13309085690258365 -3.8796350079067414
0.10906144688698668 -4.303026355466792
0.02823985960206813 -3.9723340059417045
0.09696374436488887 -4.425630425697823
-0.4260032741330858 -4.530686619169449
-0.013726898770969926 -4.282938492763082
0.3625902066674803 0.26182902675563163
-0.18545886624246444 -0.1945649334051147
0.0282522250217655 0.002552256732926807
0.23455584916793726 -0.39364767312543436
-0.04427998987072425 -0.22077892067698635
-0.14345697802288934 -0.3439257161756002
-0.26295114206886994 0.26571530639629415
-0.31956177091761395 -0.3403740091303525
0.04004998186562882 -0.055291119432007395
-0.19131873306818928 0.3863125666530861
-0.1977325304866254 0.33975369866626265
-0.12142547007534694 -0.1366983860223364
0.2267129819413345 -0.012869182041413265
-0.4035790403069986 0.40292068229504713
-0.21207794583378828 -0.14406799334177461
-0.15390682400124125 -0.1776472155664584
0.42219846188519056 -0.08878361911842812
0.3967383741450207 0.08180416620116991
-0.4201538960191306 -0.3751951760309001
0.08433423912394969 -0.08741471121991674
-0.41057528357030154 0.02230760625494422
0.32474996595527295 0.37975461460618054
0.05655915175137652 -0.22403375990995505
-0.1622318260675329 0.29472790359917017
0.1681525679056903 -0.11891941690579323
-0.1708844933963736 0.2197029794190269
-0.4215035310096001 0.19780010642855525
-0.017960931380654858 -0.12289202956594059
-0.03446984198209409 0.0552945945048363
-0.3472473416907054 -0.25641801146068444
0.06300725151799728 0.4164640618963218
-0.21733969150179916 -0.3874309032485605
-0.1647060393556518 -0.21059425097630138
-0.05583584043101712 -0.37749476567171913
0.0386743883094561 -0.39730526578882863
0.3737780655966569 -0.17936482645888033
0.13432527130208266 0.01665443680409133
-0.10838506883501754 -0.29082074259950225
0.1334060152861117 0.3321072849806039
0.013687634771955347 0.1346567728473004
-0.14829263402938164 -0.13526628754319775
-0.09464629390113834 0.1976312728006872
-0.28588286795475887 0.03141163920429354
0.22107330645406223 -0.13201034627080752
0.14880753307394706 0.30892572580947575
0.15432779351766615 0.17765547136263568
0.3895057843803207 -0.13587176078374924
0.2401393170282629 -0.4011367969539644
-0.2256292262693745 0.28738117658596024
-0.14265672019409648 -0.3250427773834217
0.032881829878702085 0.09716913543918479
0.27126139587748216 0.09041018311778122
0.25992567217306467 -0.17905677964503228
0.14438501739469978 0.3413615030217816
0.22656697308972035 -0.3903430617136029
0.08584649594650447 0.20665868245352512
0.3204616963304529 0.2167581069874206
0.3174921345734227 -0.4222467225773024
-0.3504144639125257 0.28894078315150473
0.17823646014965416 -0.016493355943168732
0.10519376854761876 -0.13441974583388713
-0.10373093550823004 0.13175259084054317
-0.1868775830127885 0.10994995003741663
-0.20351362527553946 -0.3033858105417763
0.2257653578834385 -0.3721053107216944
-0.19597117564174074 0.2738201585411896
-0.21983044475958355 -0.21867371266715327
-0.4130777178632786 0.062477934821477635
-0.19250498378867664 -0.27146993181532375
0.3383925102709777 -0.40758192945201477
-0.29031634283477686 0.08599791796472814
-0.11324220596189138 -0.42430846798138633
0.4250412939992878 0.17178254879182422
-0.4118775310583013 -0.09988455865623637
-0.023660851296814316 0.13440890357766913
-0.08954998733166791 -0.1516403595539966
-0.1388191974558309 0.08783287315105913
0.3110901050813211 -0.35134214363577276
0.3693711937702661 -0.025337990806361288
-0.09365867632162721 0.31175509581987054
0.017002929591459222 0.36349659248843724
-0.4186494181233494 0.17696096922420834
0.234215945701938 0.17328864983534017
-0.037395514937525624 -0.1771324615807424
0.4173193211624394 -0.14038526172607507
-0.11347301045170048 0.048350284975455626
0.33905450296911005 0.30637154440770265
0.23594537553408065 -0.3552655519301083
0.13862481362968343 0.3530364563793205
-0.24893661815513501 0.06797626507239768
0.09261029355393943 0.1071148785806792
0.23287923920173653 -0.316815116757547
0.06551448488045805 -0.27019643822709494
0.27444499639064607 0.12197897906696509
-0.33754381082892543 -0.25588225142664717
-0.07003018548415411 0.03273733827472922
-0.2411558702511495 0.35429291119538603
-0.26159131596460306 -0.2041034416874796
0.3333502269940782 -0.33864427885392423
0.4170881222247049 -0.23793295542414228
0.0032116993784880137 4.0054856400067935
-0.04575806262037361 3.9730116558898825
-0.04959260315749268 4.033519870798372
-0.026239704861049352 3.9602664967498415
-0.013380115666765837 3.982907256605532
1.6489112667456884e-05 3.9882642077239945
-0.046228601786952456 4.009062130383334
-0.02517497952997857 3.9686454809162437
0.033649480791221056 4.02447840848374
0.019726919170766025 3.9892387940779037
0.020245978881008313 3.9731322285629647
0.045295874283727944 3.9712402760899677
0.005862004880945094 3.9964210681886514
-0.03985232131914755 4.029519143592973
0.033303254305477745 4.010488808079132
0.04611614104250048 4.015008834649462
-0.04120818557279548 4.044797187896482
-0.010361380789480656 3.9768644399559996
-0.036242001933111584 3.9826739049773123
0.004253305701119329 4.048681352548264
0.026068743022891055 3.9817981517886243
-0.02706213484840459 4.045226876470834
-0.026006809865826926 3.9793488784466824
0.01745337826905345 4.023612027356767
-0.04464101972945538 4.004157491358989
0.012594789656820421 3.963746952146586
-0.017535634317447577 4.031862954410625
0.03311822208459638 4.014608562249119
-0.00023545107245005986 3.966950349323908
0.0014264889449248357 3.988022584889004
0.009507614781027155 4.045679798774536
0.008461148808710087 3.9694218891970787
-0.03109467690440481 3.9732763664909925
-0.04611023311260353 4.002942317969878
-0.03177984461051179 3.983508060825789
-0.014270772733555115 4.006474527242435
0.009774587947472737 4.022752423651495
-0.016073786828892024 4.044354420891322
0.004024157437914593 3.9791069491171247
-0.00491201446720606 4.0133817054914385
0.019889580041218772 4.037096635845548
0.04832932215744614 4.004099035292636
0.023638306698772666 3.9700824040078015
0.01796708828395556 4.019439709831608
-0.0051885182905713435 3.9639417330100812
0.0041954736713491645 3.96225906539823
-0.020096070560855214 3.973078354770315
0.002035388798165191 3.976996488187088
0.016198312910487796 3.9965293781765165
0.015193219287367703 4.0100518009374255
0.01240906743801149 4.039229738448911
0.04464404030833217 4.003300170278439
0.0034027901034758674 4.004864424263302
-0.002190403828380885 4.042907122465829
0.025871839264016486 4.039999614538403
-0.03710067866271815 3.9941157618821506
-0.022865979885460366 3.970218026860964
-0.044120092384569494 3.9647270740198333
-0.009795578240825557 4.020694246499173
-0.048915247489450274 3.970348682129118
0.025848874222902784 4.037051271731335
-0.04946224832703067 3.984377480187013
-0.043578692887705765 3.9668575537087416
0.012715912515871546 3.991142426364101
0.049552813959545215 3.9821119367451225
-0.01932455875573906 3.980372684999515
-0.01204756756514957 3.9925240359985366
-0.04091701647996724 3.9922986479548648
-0.0437146598884548 3.998125815792777
0.030796458001832158 3.9690796977994363
0.016082701011533775 3.9678930009276425
0.010365349044407212 4.022894659673426
0.023544169568067534 3.9893054825045113
-0.04671905626099576 3.9628713153787807
-0.04078032501534208 4.029308640947002
-0.03142033945580378 3.956121049129348
-0.028795412303374037 3.9702553495336597
0.011056137694335099 4.0148316014252075
0.03377238907657332 4.014819537718109
0.04576614499551052 4.0503221442614965
-0.040320761041714295 3.985927314236515
0.013613464201183076 4.013750541231778
0.01899634794291435 4.010711196785535
-0.04103129248388296 3.9841731822023285
-0.016558692533372665 3.988618752305014
-0.021745303518792735 4.009451850332803
0.025482673755716688 4.048230292836014
-0.019617944944677685 3.951628176036807
0.02609308734058007 3.9918223562312622
0.004567976302874378 4.047612857718907
0.009793835991638074 4.008882594575249
0.0287898983332527 3.9561103435267793
0.050136899803505205 4.037604637560497
-0.0054799789354768175 3.9784615494124713
0.003585192854736541 4.042442298005729
0.006408324613127876 3.974833159098328
0.046959815374790236 4.006127889126186
0.022592820275624172 3.9826467552818325
-0.035305499460556 3.9547515032107765
-0.015553796468519503 4.0369198042110295
3.883779906287645 -4.218403640304049
4.5583063510710415 -4.564620870883454
4.142836816275226 -3.606872406557139
4.525070570624348 -4.391431222751323
3.554531185984482 -4.533637020157056
3.4028837531714347 -4.239225591077066
4.02000278118682 -3.8076977183930714
3.9283029186428777 -4.087918112814382
3.887740359228452 -4.004953825260476
3.551022496658174 -3.849414220939535
4.340224320449272 -3.625145354626681
4.005937491502859 -4.147144640783643
4.462622844091058 -4.127273813523306
3.666494751474186 -3.87818837778024
4.240049225014342 -4.281151286958041
4.25162723362521 -4.555226543061678
4.097970382735241 -4.128740774125352
3.733629460360943 -4.31778215236915
4.031759586893339 -3.6390894244484118
3.597927901359124 -3.4639097095164884
4.37996690795413 -3.570423709760976
4.373548083515336 -4.244958000479444
4.322914997027828 -3.937905779520497
4.540405466322103 -4.306591778879418
4.0639184433754 -4.444678743504847
3.438062937457853 -3.779299217172291
4.032643637622762 -4.485792083333688
4.1363301741232865 -4.32649312884042
4.589865800429416 -3.5666993205491617
4.265568379841806 -4.112987716648061
4.435998057409513 -4.0005515414665975
4.471845112418437 -3.5510997077314235
4.123946337025186 -4.466815439707267
3.6169513511871862 -4.215467065730129
3.5031919951761346 -4.50273362912508
3.8791442587072016 -3.7077269871172907
4.5839303722019356 -4.489664047140181
3.435584572680022 -4.286907455270148
4.31798106572806 -4.27748197970459
4.465958553353459 -3.9525456195549653
3.7205952379751404 -3.5569889663721654
4.260770441460026 -4.507182465040072
4.205158464614897 -3.499706464063223
3.5886134508218603 -3.5027088903767094
3.6513062120922912 -3.854016862820492
3.544070429989451 -3.599138575990868
3.9116168734112926 -3.6268780602981807
3.874771698150499 -4.43230165869472
4.122541595899451 -3.4633785394757832
3.958426069962857 -4.2305781766523465
4.262260493946794 -3.584840158168376
4.599683460048273 -4.096215826663102
3.469529514956208 -3.715759484729825
4.281111773101603 -3.5322892062055957
4.182302178393461 -4.139014454679208
3.4877593166182463 -4.345642571993258
4.144712499267427 -3.5008039859132767
3.8996302115526755 -3.5434308259621448
4.4569484845634815 -3.5839864480729955
4.095966492769184 -4.0519947421099785
3.491037012170822 -4.077125499772279
4.310126942382337 -4.045804738292699
3.7723509278377074 -4.103164042523727
4.407750722683619 -3.728338411153569
3.951968491099697 -4.26514383742193
3.762360568040531 -4.394456477888989
3.9324954176339224 -3.982202591244991
4.4467672160191345 -3.7226961273542476
3.8494247760228175 -3.6707088656047477
3.884048562505605 -4.569617623893909
4.289934657461575 -4.194503165837802
4.240644514562133 -4.472153375595998
4.503461903805506 -4.550990898685151
4.093425001848606 -3.6319087011095013
4.38927558285083 -3.7200908010661573
4.421257426053064 -4.053881622377421
4.5521427258854334 -4.533878385976787
3.7615856567084474 -3.611735524044477
4.601069897012322 -3.678263128579588
3.4937738046974274 -4.587834114474891
4.124418347673136 -4.297295537219991
4.478852771994418 -4.267209993146316
3.5564200683403255 -4.565699776674458
3.6140800643984488 -4.335721907511361
4.250234704597131 -4.149393238665998
3.8670193495772214 -3.975397675091455
4.321505433787466 -4.556490426606983
3.619849106715177 -4.528709765074883
4.208866051980202 -4.130457680305812
4.448536554088124 -4.070705965490978
3.5604887790252997 -3.5379865297510533
4.016103197626432 -4.3362099803305165
4.0974371300636605 -4.090036293570293
3.499446418331396 -4.366896140872389
4.455324442526061 -4.006049020479416
3.729257249119244 -4.5210048016927145
3.5225920177965144 -3.691298773044062
3.926505129927783 -4.029766816194486
4.266001263825642 -3.7278139224663156
4.125996931568092 -4.025445115099142
4.133722040244211 -0.21423273285112526
3.7705683769969864 -0.5497748562617798
4.536114209156594 -0.3796355706153578
3.7624141626211225 -0.1485440979744148
3.9247252231432754 0.42100001220783195
4.454905634125445 0.013214122944623152
3.4549908014877855 0.3319454620821491
3.536878326863367 0.10800630688281282
4.589052380558069 -0.6268781796051713
4.283698900081744 0.021437535594916995
4.1675701903752165 -0.4045498821792916
4.282862421202575 -0.18131592016271975
3.667390300808516 0.4859046781043382
4.410793200997254 0.006236172431038565
3.4009213850652364 -0.6159057643680124
3.6732225388105584 0.11283475382992277
3.508220107292964 0.4846844116610524
3.9091498915480325 -0.1925815353003855
3.999272877279918 0.5043706471937165
4.574435152336978 -0.11083136671998414
4.383374583519805 -0.5061745041063503
3.813939847485992 0.09685105810816325
3.3551848086661136 0.5142032466227614
3.8109887683581536 0.2684936331628146
3.6428012595646133 0.0646115231240218
4.006759589370314 0.5642132626317103
4.067125738148838 0.08108510403101991
3.377538252310963 0.05627849708474446
4.588224572648197 -0.15094703181959068
3.536619079277221 0.5727347395349969
3.474276792434691 -0.5767169806397476
3.854634972542032 -0.5000897656212313
3.872825879514245 -0.5218845975465602
3.874333491742589 -0.11507336466028542
3.6535794772707946 -0.26212964958407253
4.2818360778562905 -0.11947785814630407
3.9406373138597015 0.5834050464898164
3.588981453480054 -0.20351175317683576
3.631136148725998 -0.6050187072866587
3.6449725868638825 0.268922752310636
3.9559682279464115 0.2476416751228496
3.576057454134081 -0.3007648271782056
3.9026860379061334 -0.3224471807396442
3.6754305487628463 -0.15986585275902232
3.7183896289667757 -0.42861311175326755
4.3028025082585915 -0.12013262584130721
3.670182116455957 0.3689347520834031
4.303380059977834 0.23860760268664727
3.418424350004787 -0.022234992889094893
3.515853864284339 -0.2889732516736968
3.780646554969454 0.3250957060941534
3.5352979946568905 0.1328992904058475
3.485441793942467 0.38786472243659353
4.591779273829841 0.3992175753824732
4.044719105986574 -0.27051237318982585
3.9466805012174273 -0.01179727098356427
3.8726508433077296 -0.38782721242824875
4.571015069393116 0.37037546335316807
4.619549737205018 -0.5020200945159172
4.230529690750213 0.2133081375552992
3.4590044788907157 0.29593404279120344
4.280290852825855 0.1674135847406573
4.473691389649213 0.34389880634043274
4.367744585593165 -0.510021316260509
4.024439771745891 0.3239080470598757
4.582636371648412 -0.24109523867539073
3.4328860210888807 0.10151617319211
4.48185344683552 0.1709406799963639
4.107143498264642 -0.21016429553397975
4.103921643294005 0.08609756699406346
3.3675430062449188 0.06760106721947301
4.536656581554185 0.04615514717424576
3.6720621888832023 -0.039985443126765205
4.402370657653969 -0.6212125773299526
3.388168284512582 0.4781367706068581
3.9068417943919536 0.4457898206483423
4.492877078722254 -0.3269203855943591
4.6317504320261085 0.3471975604505685
4.0032442316799735 -0.48511722379714717
3.9666391707125666 -0.2548999423647747
4.357567721876291 -0.4584440903010553
4.50037320896532 0.2942114888339617
3.470130036767999 -0.286299318653669
4.177936633507935 0.09384474223662265
4.43773261935182 0.3429161809244651
4.1106906292302074 -0.496740654567891
4.409787758822829 -0.4745609687601007
3.973281129926281 -0.1378039338886721
3.598536769309478 -0.2982770280956323
3.5191940779023443 -0.1796502806244529
4.107095624584086 0.0540029192428544
3.7660465853053906 -0.6401775176702891
3.793360814105656 -0.10159517344658894
4.142390335191574 0.49495636037269525
4.3657769506099555 -0.4672561368595846
3.917179017439733 0.0683036468178679
3.94855598717699 -0.12860131082747098
4.114297469647333 -0.6381890263318565
3.5783424312173535 -0.05671330498303064
3.6676453302645617 -0.0004195179853219337
4.059962710317266 4.03441164420787
3.9996680578427446 4.0290581650684985
3.855057112152982 4.009951440095493
3.895360188095142 3.915398058720481
3.8472040253763753 4.075803309528153
4.146463205145804 4.015327983707513
4.074357094699272 4.063241265635525
4.034717303183293 4.124949346321302
3.8936103364247847 3.9627230748339444
3.9151907127662553 4.161833715968405
3.9856145304301416 4.078602205880783
4.095822968563975 4.042463116577567
3.8905626472387276 4.023671536685513
3.932909421420728 3.8899879972706857
3.953156472468194 4.077393619184587
4.098797297322496 3.850603031016832
4.006023161053968 3.9394532925410917
4.10692336345831 3.919733509072169
4.052904783854281 4.0115602751522355
3.8531186134263895 4.095363021065352
3.9291682129745302 4.030599167674899
4.032319292507427 3.939001687889543
3.904410404366436 3.915277036715189
3.831447472535352 3.8948651127275196
3.877742032674844 4.046141461060484
3.851928426599846 4.0663816814770986
3.8717733505891045 4.122183813929285
3.9730939004810626 4.0187133236062795
4.091831374485509 3.877925869005328
4.17111531362228 4.075975043320695
4.118889566803441 3.9712475878992795
3.8792447876331346 3.836732098162661
3.99632361311349 4.022321054374048
3.8616203326759124 3.834388352992844
3.9273536043430117 3.9681190509135535
3.8573887640429243 4.043907157557707
3.886815394082959 4.028317056861728
4.049456178695703 3.987086284230795
4.104308180661587 4.016109646721645
4.104583323967689 4.118722849354926
4.058176942672041 3.9388480094515113
3.8531905060117158 3.9764667716966033
4.055051086580971 4.140699922249668
4.117459380872918 3.8934301642315226
4.0712087550449345 3.9371975048573287
3.9881798410101887 3.8540274283220435
4.016163473725281 3.9061195376244298
3.967297196586561 4.057094400968481
3.903509246982387 3.9252727900566065
3.8495429058237076 3.8846780326573573
3.941575189588674 4.142472457922967
3.8793973242785214 3.9140015686367136
3.9347459350856147 4.0779844104071925
3.9311259819759568 4.1459967617386475
4.003830979582263 4.088764451747274
4.079715543170656 4.095978094326341
4.119572513711343 3.99861620857285
4.021133571107854 4.1153559935019475
4.141281224492645 4.117941984658009
4.07062418099247 4.022761424310379
4.140524350295073 3.9832707030869514
3.8334921471018255 3.9935567946759103
4.048512673711481 4.136334125476752
3.8369947938374165 3.896657894819977
3.9880823040608497 4.013487758706725
4.077104346309533 3.9245303984040776
4.12225696580795 3.8323302916344804
3.976665429336437 4.135339411370894
3.9752129749083576 4.037044883656638
4.136275210725475 3.9098272469540314
4.061210480080736 4.022896017597002
3.985391928531032 4.151169135086259
3.9222862547203303 4.0804913069784385
3.8910036970446775 4.1177319829169
4.1493320644157246 3.957835549907163
4.136812749307741 4.16836563489888
3.8705443111044087 4.165759087071375
3.950434210594589 3.946358361034612
3.979136187849509 3.86243537202793
4.089856561233223 3.9898458980834115
3.996343606228934 3.8676304726083113
4.0963958598237005 3.9799024388620814
4.0115219432013225 3.884069871906763
3.971675494114645 4.068627919897436
3.9267050312490204 3.8656922104235805
3.8784255871448545 4.132388976383458
4.1336414271097155 3.92195858511896
3.8961003092579216 3.9725629511533147
3.913333496035388 4.159786879019967
4.005041341267677 3.8509290524346786
3.923526800156325 4.071444658809108
3.97658983208373 4.086793043802721
4.050974386536439 3.9230273964278815
3.9996654973919323 3.9290108392066334
3.8365017653143383 3.951622204573556
4.067634819689311 3.97580582119067
4.157091966646405 4.086352173157524
3.9839644549460367 3.8870723655653636
4.162522750963931 4.0697912249979975
4.104594516877214 4.1275753394787085
-2 -2
-2 2
2 -2
2 2
