308 1
100
100
100
100
100
100
100
100
100
100
100
100
100
100
100
100
100
100
100
100
100
100
100
100
100
100
100
100
100
100
100
100
100
100
100
100
100
100
100
100
100
100
100
100
100
100
100
100
100
100
100
100
100
100
100
100
100
100
100
100
100
100
100
100
100
100
100
100
100
100
100
100
100
100
100
100
100
100
100
100
100
100
100
100
100
100
100
100
100
100
100
100
100
100
100
100
100
100
100
100
1
1
1
1
1
1
1
1
1
1
1
1
1
1
1
1
1
1
1
1
1
1
1
1
1
1
1
1
1
1
1
1
1
1
1
1
1
1
1
1
1
1
1
1
1
1
1
1
1
1
1
1
1
1
1
1
1
1
1
1
1
1
1
1
1
1
1
1
1
1
1
1
1
1
1
1
1
1
1
1
1
1
1
1
1
1
1
1
1
1
1
1
1
1
1
1
1
1
1
1
1090
1090
1090
1090
1090
1090
1090
1090
1090
1090
1090
1090
1090
1090
1090
1090
1090
1090
1090
1090
1090
1090
1090
1090
1090
1090
1090
1090
1090
1090
1090
1090
1090
1090
1090
1090
1090
1090
1090
1090
1090
1090
1090
1090
1090
1090
1090
1090
1090
1090
1090
1090
1090
1090
1090
1090
1090
1090
1090
1090
1090
1090
1090
1090
1090
1090
1090
1090
1090
1090
1090
1090
1090
1090
1090
1090
1090
1090
1090
1090
1090
1090
1090
1090
1090
1090
1090
1090
1090
1090
1090
1090
1090
1090
1090
1090
1090
1090
1090
1090
-300
800
10101101001
54058048584545
25254544545332543543535
-546535545
-5454345
-53535355

