300 2
-0.7573216746850535 -1.0372981644808725
-0.6824762210669711 -1.1768332377695465
-0.5373370592469879 -0.6685793002992007
-0.653645333036575 -0.9817547939123519
-0.5303790880397871 -0.8341087096207453
-0.9094674490556401 -0.6891922636933215
-1.2234525295900147 -0.7841840545806589
-1.2173484126002347 -0.8511488738368957
-0.7735129871430036 -0.7580697011714405
-0.638352940704026 -0.9280319082910796
-1.4233979600222861 -1.4500972479966383
-0.7249129064037542 -1.443042834712354
-1.4899590941619612 -1.3496282190767737
-1.3867947225941584 -0.8888771250122772
-1.493372578111111 -0.708199026467249
-0.8059729523133503 -0.7886667240800317
-1.2458440618186604 -1.2094283319317949
-0.5137301807259946 -1.079790557242604
-0.9051918118342664 -0.6233945469423879
-0.7427752974032188 -0.9815070945575097
-1.278600848648573 -0.6847970183285584
-1.0126237686881243 -1.2517997012161237
-0.6319051478648273 -1.4447700403136863
-1.0879443767732293 -1.3747776908873206
-0.8269015124099988 -0.6582625554438831
-1.3088456213781203 -1.2757552326063608
-0.7396527193547182 -1.1374647968903981
-1.2376543170031034 -1.234896497465857
-1.0464066544707336 -1.4474325806603716
-1.4132508647925195 -0.8034460773966883
-0.5990645806615854 -0.6866497103024716
-1.1732561122995855 -0.5190684214144737
-0.7309404058822233 -1.384350637870166
-1.3441054975080444 -1.0696074680357026
-1.013306484151097 -1.1118695522151674
-0.6800446410071278 -0.6580395890224878
-1.3958193423553746 -0.8646075433732618
-0.7951254331995622 -0.7211461633776054
-0.9243628504778658 -1.2511300992724048
-0.6067282462641902 -0.6634374724845842
-0.6418196472626057 -1.0265609048555697
-0.6941461136798093 -1.261066579911861
-0.903174100373846 -0.5767474113002292
-0.8432386554168148 -0.9495236079699859
-1.1697537556618358 -1.288996287684967
-1.3847907226852496 -0.8371809216742951
-1.3504811071812062 -0.8919891689697117
-1.3904788976203777 -1.3189085979751876
-1.3939250483056926 -0.5633175598870095
-0.6158738885805114 -0.6959015167287259
-1.2111853181911227 -1.4543391173958067
-1.2450559791516405 -0.6334178197081896
-0.5659936975791863 -0.8071194945528823
-1.4548034874467193 -0.6078740861674807
-0.8342971531692712 -1.4429584215690732
-0.794711894831078 -0.6928102170435034
-1.1343829467494624 -0.7815992943213496
-1.308017533214754 -0.8024892886043941
-1.186087753808971 -1.3986476780609651
-0.6022322542505045 -0.6782759096622142
-1.481616301150504 -1.2054068403219471
-0.7419789951144855 -0.8226053536523119
-0.9154287092375334 -1.1292656094012816
-0.721295078417657 -0.7480082492734327
-1.26020220820349 -0.8402006597868638
-0.6521437102299119 -0.7272399924260041
-0.9978901545250526 -0.7695943562181912
-1.0405492932311233 -0.9424221542942992
-1.1285412983783052 -1.3705507297057857
-0.9659545239001129 -0.9522950863089893
-1.4364696908231038 -1.4665221368305021
-0.7096770534971899 -0.5631883866922898
-1.017086841598065 -0.8858423013681046
-0.535007153553804 -0.9943500748073674
-0.7873210382392891 -1.3140660890886124
-1.4038521003618327 -0.8211489387558764
-1.4899054242966518 -0.6710812374056933
-1.1273570010706484 -0.5849947377956463
-1.3414952858589482 -0.5501929872550185
-0.5733226893664882 -0.8587512998440258
-0.5375349227818187 -1.045474866251801
-0.8529105209732659 -1.3778639374374362
-1.4467464383880158 -1.1423545389739163
-0.8820045258583005 -1.1769951886303662
-1.4078459103360539 -1.4116914981922353
-0.7550747116396302 -0.5841148814574753
-1.1428702931683887 -0.6469129044846762
-0.5286560886327768 -1.082817492113005
-0.6606695694374614 -0.5495389008268353
-0.9749431507022913 -0.6290434109870737
-1.20368914884561 -1.0761253712377226
-0.9015858856669182 -1.0512738312336751
-0.8086908058620911 -0.5146546746941161
-0.6587367193220727 -1.3960607908478686
-1.020776328665706 -1.1042152647767436
-0.8647869114583187 -0.8151034114613421
-1.3143187618583103 -0.8836187405422495
-1.3358234283374624 -1.4027095444783517
-0.6470496984086398 -0.7632022389828491
-0.9040245811246592 -0.7804088906820014
-0.713670051612042 -0.5661238181732821
-1.0237550370488602 -0.7661191579439439
-1.4894964989358894 -0.9581816231151843
-0.9915171544648304 -0.6498417653556031
-1.4738470631448553 -0.9925648595702083
-1.4013207860532826 -1.4988546179139548
-1.4911334583426623 -0.7840549632755369
-0.5892523059067639 -1.0002932569607155
-1.3367227191849227 -1.3519229662360996
-0.8034084958401909 -0.5718699163812878
-1.1283395166815613 -0.911659950704912
-1.3593957001727004 -1.110661019962017
-0.8708114070155702 -0.5241841501471604
-0.6927648501619375 -1.069459839518522
-0.7142673579867085 -1.163216890276549
-0.5505586236418494 -0.9005851995496188
-0.7089897246164304 -0.7732956769294609
-1.3686514840245627 -1.1706954413589514
-0.5205750920556397 -1.2532692379071144
-1.4463647971532447 -0.7443982112842641
-0.5138940360704521 -0.9698625914408954
-0.8139545563269828 -1.0032740408118621
-0.5788792506936277 -1.22434322524754
-1.059298869170223 -1.0564474683473826
-1.1811669359199257 -1.3701064483549747
-0.7214177215579524 -1.155442336042174
-0.841037919258288 -1.3298317551003396
-1.391593116223885 -1.343291772290859
-0.6272138897303575 -0.8534101013057194
-0.7132839562929151 -1.1194419059586997
-1.3408597362710348 -0.738840255351124
-1.3476219168039894 -1.428134972547515
-0.9383733192406529 -1.0835585482288814
-1.2210486024875653 -1.0402241347852803
-0.7165384143688267 -1.005898270951826
-1.1041806343239107 -0.8385553091737765
-0.9937562609203181 -0.8164574537477246
-0.9527900263822819 -1.155337231455862
-0.7975257215478778 -1.2332724284163712
-0.7345141035933312 -0.5779925752428331
-0.9179750642454706 -0.6922502779255323
-0.7108052622316627 -0.6607971319126319
-1.3926018110138043 -0.7194498496991882
-1.015028836334233 -1.4332211864555982
-0.8337790417555774 -1.3540746574032405
-0.6179676039694105 -0.6126407629310372
-1.044370618321396 -0.8178095973999563
-1.4219548202381183 -0.8576085482575061
-1.0341436567266684 -0.5260546351823022
-0.8166537253841233 -1.09638790603055
-0.46615296073297563 0.4214392683383853
0.4923327740707799 -0.24517348241999626
-0.259294674267753 0.2889454528629769
0.1367727707418056 -0.2644434749402429
-0.3591590800545388 -0.26028449209220594
-0.20376312636556693 -0.19478613627025798
0.1451176850511725 0.2530247874655126
0.061698762725106326 0.3428017063689527
-0.3888374891199382 0.3310241155211937
-0.14694155819874577 -0.08476330251447106
-0.3110065597038656 -0.029884472750031366
-0.1635890452169465 0.15166610578403816
-0.04650207763536596 -0.17308658579817837
-0.3872946628136572 -0.22184504059568877
0.28610886992680074 0.06012889609308536
-0.13122903281317344 -0.40044154930841547
-0.08685023420902638 0.3083084755229284
-0.20472510518678433 0.24737383447875427
0.25014376818340556 0.33962316033991413
0.3404106536569328 0.188782994658094
0.12300447974812345 -0.3584586602894978
-0.08053914408867269 -0.307498040215043
0.23125680297901363 0.35268761039963137
-0.16954484336099152 -0.371200086858808
-0.3067776984109337 -0.48392224402598827
0.23698586685470713 -0.42588691056044636
0.10954336988272984 0.41001295330348875
-0.002183588932182734 0.29574520130350923
-0.17558036807804256 0.08508830429382619
-0.19397802924499863 0.4770666490380093
0.09741160746327282 -0.08201665088751453
0.06388606857952273 0.4182030254338658
0.0887026484001936 0.3516141338276342
0.24395312172738726 0.33749305064906177
0.19726443516444947 0.4299224667834316
0.44490520527121724 -0.3184598196852949
-0.26671985452286684 -0.1058610164646775
-0.1079732095282121 -0.421658358536247
0.4702213875619402 -0.11016617865680078
-0.11764368483379084 0.14519226375863492
0.3850247077960689 0.06329229886720456
0.3851173005628251 -0.11952680853505893
-0.12665521118639533 -0.4246761988850666
0.02345916872602627 -0.07023103558181654
-0.45906282888180416 -0.3929600840344968
-0.17614807520245113 -0.26680887617346205
0.027930016066827434 -0.10268314248626109
0.3933824335798852 0.061712043407144535
-0.18852118633420734 -0.4707461530495417
-0.477217693479038 -0.25591971993630014
0.35902837617596317 -0.08736780911388231
0.31015606921051675 0.007546580375099254
-0.003991893465569829 -0.44730326887495653
-0.4113986114890793 0.36903096719401807
0.11637963268915363 -0.33509686847838627
0.4827997326026675 -0.1059468030588202
-0.3894767904375974 -0.10353144011754034
-0.10128257100518556 0.4513622907083832
-0.044282030639300585 0.371382649747681
0.13312544701359008 -0.252183707665124
-0.4875136500677175 -0.2927656557205177
-0.2984235578102036 0.2994429932678083
-0.20580339842078998 0.0891947145961528
0.23446284805794737 -0.2539031113007839
0.43035530080198536 0.03949280488504325
-0.16640942089345578 -0.2639557608103289
0.41253566553012966 -0.3727583681766298
0.09098790661127998 -0.01608982127978076
-0.20176088375124235 0.15255245820008523
0.49813010937954916 -0.16683005019943065
0.03180088993334618 0.3715411416390857
0.49475082501912293 0.13897981187545083
-0.014119000864535325 0.2824232183936267
-0.09206086886911191 0.49422281145784674
-0.45039374870250803 0.3551457576777546
0.27655984593962 0.15054801863405975
-0.10416621994724251 0.43549805084948934
0.2408654898364262 0.08556134841033636
-0.38543629609032637 0.11323948354397984
0.2137990061374636 0.2401116245364212
-0.37832964177421924 0.1461075782851361
-0.00959280654084671 0.35538147803493747
0.20024741843881355 0.08569000764558732
0.13495034867431954 -0.0545313318799272
0.086962792656462 0.20224090401374828
0.18554395621355246 0.27317791305009054
0.4738366803779446 -0.23589885318085702
0.10329705666154398 0.26387806182578677
0.1950283613058157 -0.1845306422523454
-0.35056471880966733 -0.4162079638886972
-0.10928507843404356 0.20059925896407726
0.27901814894811194 0.13833629513998913
-0.10837032759915866 0.33590298507558547
-0.10935828154831728 -0.24986992801494112
0.34688687006607444 -0.024995557123449696
0.4244252332611079 -0.2531415684719336
0.2914218860873554 -0.20052155484583734
-0.28689274461241887 -0.4490447017617917
0.0392112648189048 0.2854098783978084
0.0009195157031843815 0.40894700348721436
-0.47572234208810715 -0.176052367625397
-0.17716242520091596 -0.3515271624429569
-0.40757557378016285 0.30964609159009393
0.40111500501956876 -0.38941734885684154
0.10874346312266836 -0.4789787245504201
0.05881988278692041 0.138867344664933
0.24436622256771856 0.3297084969364138
-0.10909440082979815 -0.19120706253487985
0.005908948173931061 0.13034044444229598
-0.1296124604549851 0.0897379523860854
-0.24490688539954353 -0.3422293459759117
0.13382798574544652 0.12164510415904728
-0.1072659156242366 -0.1984518607687945
0.07685715255472969 0.17547038261577108
-0.311219768150067 0.42514894483919086
-0.3894926518477697 0.2798540239201157
0.45318881855953086 -0.4355437754004432
-0.003807207093294629 -0.488301690820105
-0.36536978786826335 0.21802539392437437
-0.4385776845373702 0.41492604469147687
-0.1154895081104802 0.3937543882493363
-0.4226807230658224 -0.32140495216946563
0.3771029392617442 0.20404140828803163
0.33701201261437885 -0.4295431343763878
-0.0021229085993204055 -0.45409544346787645
-0.41933125152765083 0.3089402467091189
0.25507689163590397 0.24785019862189972
-0.4572617826816655 -0.42277920467643626
-0.275114631509231 0.015201972670818686
0.23758650268533732 -0.246021208710122
0.39122233907335346 0.36090967521780637
0.12842832048314634 -0.29416440459349913
-0.27806949399460834 0.16550682732102673
0.31464262292312184 0.21768051970243874
-0.09560777477310534 -0.36164939954245423
0.21681856221735507 0.15871353574267333
-0.4236852000350605 -0.45656014516756793
0.34168447555066384 -0.06635381442487487
-0.0029145766408742446 -0.22887279221631207
-0.26501710680794 -0.11735164683518062
0.48399984189796463 -0.22886995139466948
-0.4720576360426989 0.49923415451795417
-0.22813662765249576 0.35084380793265724
0.3850675434251407 -0.03221694390756402
0.09117395050749122 0.1995808907691733
0.2181430529966476 -0.48736298396272826
0.12722007452109296 0.33517232155833165
-0.1453267665624991 -0.2105662538865889
-0.26000458467926246 0.44086060137174066
0.34360197854633245 0.04569826326217219
