300 2
-0.7296233003429407 -0.8378728913862221
-0.603434270567239 -0.8322764605429839
-0.20597301392834488 -0.6924359550622761
-0.7622971838060271 -0.908960050997455
-0.09492594705505808 -0.4620538523691059
-0.20535771438661732 -0.4232200810739749
-0.055448117392067675 -0.6785564892227166
-0.030108409999154984 -0.7810029276264352
-0.20782792947613193 -0.8359023688179023
-0.7668136757940283 -0.9169655572930452
-0.5412439618642295 -0.2301253173403034
-0.921617648443337 -0.7701754393536997
-0.1995438242785389 -0.7564830158484445
-0.7290561558749349 -0.5979716466274473
-0.18754403656895147 -0.4226234965345791
-0.026643547010931412 -0.7154918720020725
-0.09584151257483942 -0.8487004135755544
-0.3428470295407692 -0.11352579555707609
-0.46145219448287644 -0.6412480186303833
-0.9418678327661323 -0.2626600918456189
-0.5268215115248788 -0.6648556220932383
-0.42587626550044666 -0.8843072407945824
-0.7111236039854582 -0.8158667721114192
-0.9277394961538623 -0.4466335304846263
-0.6978350745005255 -0.6554703836321986
-0.5359166836090207 -0.5142563474458013
-0.9868344983784043 -0.6744988886867882
-0.9779706757913588 -0.8669237426127062
-0.09516596203270677 -0.5220350500386957
-0.6781512134966577 -0.8700032437214611
-0.5997094542725722 -0.680493516501776
-0.8982033447819981 -0.10230296579003995
-0.012307758509396582 -0.8452219482924246
-0.33564143456038764 -0.3765742027759811
-0.7210093710913696 -0.7892026503607807
-0.02756545898514584 -0.6954486643077512
-0.48386065457800587 -0.29268632068705347
-0.38425328579964857 -0.40809902814035015
-0.7656344289473462 -0.6898972158231993
-0.949014410671354 -0.9186292735407948
-0.9656927723136873 -0.9271173199929879
-0.6690175102178028 -0.9479527943556872
-0.5904684077270018 -0.7025313956125089
-0.3432235443231 -0.29260521123379757
-0.6301796364243578 -0.3080980232827514
-0.9405110333443715 -0.2598758442050847
-0.38756414292663 -0.8233956199278016
-0.8400393952798842 -0.5698584613846939
-0.6116753867942899 -0.8116622056074387
-0.3612731113512505 -0.607720883840083
-0.7805818667697731 -0.32054710575419887
-0.7757741246549698 -0.3192831638935668
-0.4081498879402904 -0.6336334882110751
-0.8552612753246908 -0.31390484866101565
-0.5968687677247254 -0.6258225838402273
-0.8560422789990287 -0.6075187847601424
-0.13186245191749135 -0.8289918714429348
-0.9858177754654905 -0.8619890471615084
-0.6718474949118107 -0.9007597979728922
-0.30129010399953027 -0.21798279683505561
-0.597968123895839 -0.9821929535683199
-0.6681872173432344 -0.048866855736175
-0.5970036743037799 -0.1454462834899184
-0.8250772289649044 -0.6445909356892383
-0.5636097524085719 -0.23480544657894942
-0.4296394833296895 -0.8351521075735359
-0.3452654448861955 -0.8418713726910765
-0.8665692474375737 -0.06856810453576967
-0.2215423173494031 -0.47364869516230435
-0.38835414717684913 -0.35696671738417796
-0.34524984814202986 -0.7118019426970095
-0.6441969479704286 -0.558625271951294
-0.3296290362866158 -0.3836035924784642
-0.0428710128776324 -0.007750953869033794
-0.4677173277196691 -0.4948686648936865
-0.0280277732955313 -0.7199162454077926
-0.6392983297860648 -0.8452974106398026
-0.5962253332635414 -0.19514415008996733
-0.16489759900896672 -0.5083065920503387
-0.793063963287933 -0.9940247634104823
-0.01826732779291884 -0.5132562212438159
-0.8601737794078134 -0.9130488655006135
-0.6655213079430486 -0.17349627023435066
-0.3861033420268619 -0.011181654263224927
-0.14427942188361198 -0.22975977977383666
-0.47014532071578186 -0.794363908672938
-0.8539212505948317 -0.3294103881096936
-0.37832396068406426 -0.6708680391079578
-0.4969291467119722 -0.36909456621176473
-0.05581539235148281 -0.34745882514442494
-0.9219922918564354 -0.5333798235881909
-0.6836758849033648 -0.7734606224471224
-0.08393426299757656 -0.2607634693428317
-0.17659382323683726 -0.6024321543017765
-0.943462444960269 -0.69428337185887
-0.5058304446667522 -0.0735465677144661
-0.759383070734967 -0.11301387066357182
-0.9805812683941552 -0.3919549304857627
-0.42968676025494523 -0.8124802159794776
-0.6870290783158324 -0.00833050241631006
-0.1601397475498859 -0.06415749052220865
-0.840013159712971 -0.22639534451981358
-0.1264766236981899 -0.9261476871682988
-0.9960003635073159 -0.10404166812435645
-0.2420634475368295 -0.36442637233092545
-0.9214850415611735 -0.9724378091641139
-0.29040420312052284 -0.01228734441037993
-0.14700273000771757 -0.7696503169730343
-0.33506310811776674 -0.11077248324131705
-0.03847612931445499 -0.2164362008597217
-0.35569103687627146 -0.8503401312051924
-0.3705508509860448 -0.719534726480339
-0.8461116770775162 -0.6839382345604271
-0.4634407939467572 -0.024045836732573322
-0.8009083747477099 -0.3208726906220304
-0.7026415307000123 -0.9200707166017881
-0.6274848199120157 -0.03813715005405538
-0.5891494615761864 -0.32207693637596446
-0.40179721331017026 -0.6578227106840683
-0.14052894357791934 -0.5302885390207863
-0.22594432301945366 -0.5313112687306625
-0.7320806829260934 -0.47140383740445724
-0.5638072526331911 -0.5575928114967497
-0.2946192168646108 -0.8301175096475498
-0.9308163954209175 -0.6719277153347856
-0.16251442550781348 -0.23587762082336983
-0.1270192740347199 -0.6921970294206137
-0.4116372052176195 -0.7574739713250952
-0.7763471795625938 -0.7935878870473826
-0.45565496476872047 -0.2599678990440113
-0.26116372013421474 -0.20548839992684254
-0.18077339254639646 -0.7843253433712405
-0.730095714052173 -0.7632300415523634
-0.9852411902353085 -0.8061308886060442
-0.24067592556881734 -0.44714534146941753
-0.52878394472729 -0.07685202885743458
-0.1551139608532821 -0.9445093766696769
-0.5952374588370648 -0.9411407995482861
-0.9837482157206033 -0.2499227247312873
-0.030680020704614952 -0.05417716975406117
-0.7052330979399439 -0.4670964127482927
-0.562485219661157 -0.17932179414354443
-0.3610691902073938 -0.004344584065105184
-0.38143420039476805 -0.3848786954098884
-0.784538817534224 -0.42383788780791765
-0.8211516344739193 -0.1780814878743463
-0.22519832054341793 -0.9329675666754088
-0.8794761569461463 -0.2718227267278114
-0.2773484363760983 -0.364954826647783
-0.4244180359251586 -0.5712628953386756
-0.12988834588548948 0.2462472427729916
0.3863270842945594 -0.17669485020713427
-0.2797615841836285 -0.14899656921188775
0.09671691247858571 -0.2353394516371734
-0.4146158023017268 0.23919263215705622
0.19285310092644858 -0.19655010130988293
-0.35265807897846857 -0.2919770664324508
0.21768728716168628 -0.3709545010958073
0.08323605257793476 -0.2921387787731493
-0.15997899846817487 -0.33914982334930244
0.43606120631327305 0.11528613624222517
-0.1574782374113417 -0.25419421064426206
-0.14709279652639473 0.32361668590901027
0.17767141541152776 -0.4961315570027123
-0.3296474946616037 0.1687834860722598
-0.4075371846906818 0.16800932087869203
-0.1637437992219265 0.31963552842331744
0.15495732880630186 0.24448853761355338
-0.3944769060235702 -0.1367370472437811
0.010042473732891244 0.20297286529348413
-0.24128177676338014 0.4176735057566383
-0.4799170387250914 -0.2455270886019133
-0.0898878291317271 -0.1438811767350212
-0.008569171897980898 -0.29340809916432964
0.09232561053846788 0.4173494823180781
0.3475744853523771 0.3368054082381976
0.2045888184843273 0.2993586076909469
-0.030865932999899814 -0.49761268771701617
-0.16245694161366298 0.42127883571385716
-0.07899400531524703 0.24607542811608896
0.18186345697214013 0.34336605671347176
-0.05832906199086729 0.1253980377442614
-0.14038342285976557 -0.07912856409005153
-0.28890422551355255 -0.4407199818309394
-0.06479440822435989 0.04824710049057246
0.20756295257220947 0.09261137907687889
-0.1022397881865239 -0.27310279936476134
0.493776962444857 0.4091103992112822
0.28631880128094134 0.1505805642430722
-0.08281903507947508 -0.3041237841423132
0.4020200694431253 0.47746140358009215
-0.24339429399563794 -0.15958617396714214
-0.4071128804749191 -0.09499282934636799
0.1629428832072003 -0.010251781511600333
-0.3674140390315672 0.34569593299827517
0.06827999103062188 -0.2351250911091275
0.496382633297631 0.35651225960779864
0.4615971648581634 0.07169628755500868
0.011896192349073242 -0.35386696970120346
0.21759726890756037 -0.26088292503488186
-0.490047723256524 0.14001009885827642
-0.1768613106726895 -0.33112638303544795
0.37750838912197027 -0.32309044546653964
-0.1187299959990572 -0.19880553452828353
0.3222996646135401 -0.1750877547290609
-0.44996080410184625 -0.48976331425400355
0.232775736262828 -0.24721811307081176
-0.49772105582533954 -0.39396488948760233
-0.4360423364931538 -0.434892413049752
0.053597559744373524 -0.41899985692787
0.4673747928279922 -0.2917798622190161
0.2953767567565846 0.3057351360532551
0.26148271678239254 0.41677035869596957
0.10151951637316226 0.3702189547569137
-0.034171275131571366 0.3311252042057815
0.12955896745847495 0.35335820129129625
-0.35708053524166117 0.41545763183490314
0.1532569620544516 0.09328234737612284
-0.17427589677695587 0.2660453462535818
0.15882429604909787 -0.434998120021005
-0.28739509913911065 -0.21576966166014266
0.02146325724495024 -0.379346174016169
-0.029768986128514086 -0.16084400207313565
0.42734673361999664 0.2444179501352136
-0.15436483676019253 -0.4441394286384912
-0.22155424197743945 -0.024501694413210373
0.3459502757551871 0.04639524767419956
0.1902305093663894 -0.420175018420046
-0.19415686098387042 -0.3136897241894585
-0.013350164818100363 -0.019318349628761222
0.15409030004850444 0.004156155511467863
0.310320109104429 0.012108824422501385
0.3595433524172684 -0.46452695961359824
-0.26509235326059233 0.19408874673405463
0.24660713348296404 -0.014261841671161068
0.004473411604143496 -0.3867971067379322
0.39004253501096653 -0.31914563052047784
-0.2394012186454294 -0.12279153788082897
0.2989669486820873 -0.3300347532375153
-0.06311726471611134 0.3657880337458652
0.21143357434769527 -0.3320526810811465
-0.38571507622002665 -0.18271045896913585
-0.4275267189428157 -0.09387806826378986
-0.06060726017956819 -0.0021745601182477925
0.11147631273410763 0.1750534274617047
-0.1791294244822471 0.4089363978733144
-0.2578680434682018 -0.4653885539457412
-0.4430609300682129 0.07785519467548119
0.16911147500552337 -0.12819033237140376
0.45689981542557123 -0.4840094734086604
-0.05629987545280246 0.44170656527980967
0.006075310605603845 0.4310541201745358
0.4864353451468171 -0.03547858854732755
-0.10965078153817676 0.10614555203425535
-0.19258494941695092 0.11933751330206055
-0.18223602315052112 0.11914128400355473
-0.11225448856755871 -0.2708244258051111
0.05354992047927465 -0.4934892658118293
-0.16892815381012338 0.20276096045750225
0.4693230175847274 -0.0919253567117595
0.018187281778934028 -0.36222352982549133
0.43879875463462803 0.22573636885877613
0.09354766742491427 0.3362080934750098
-0.09499935336093701 -0.10558153965796702
0.48710954646344085 0.320831094063063
0.07009836407935477 0.4108640073445293
-0.29966448517933475 0.09659704323874141
0.46887636968861035 0.19054161358436694
-0.1626891996491161 0.32415851774054816
-0.06404724309858678 0.08278190026083132
-0.1263113029330214 0.0841875658939325
0.4356305541907578 -0.1470112100834452
0.4280869212482694 -0.08308481726277195
-0.33071629495912 -0.22273022802636688
-0.01651109314317345 -0.08336769387000298
0.19273754826927558 -0.024723474955775426
0.49618917604167123 -0.3864959091974788
0.4046207736093629 -0.04331050181969065
-0.47279425061912894 -0.056447920471644486
0.07907945622856105 0.4628182191725527
0.3227835844384064 0.11242986500704544
0.41239844455512664 -0.4807946812438495
0.3369025872181983 0.3370757700217175
0.2164823084944607 0.1490973992897564
-0.300899732584366 0.1480559034340917
-0.18736520787333877 0.09495360092079175
-0.10667949762959994 0.20811771362677178
-0.4275604974495738 0.34288995368948927
0.368887686785073 -0.40275538027585966
-0.4348858671165585 0.49931733193607253
-0.43882864117524445 -0.3671827151792899
0.05946193661912069 0.15160495676314922
0.27924009156196616 -0.11279775181376728
-0.4867511504029598 -0.26032465571177654
0.16515438840305108 0.22525550065396005
0.2888484044042142 -0.1879563530446866
-0.2156687750270666 -0.418257587919424
0.09832486484220437 0.10531832462064361
0.40337850761916605 -0.3278210639383493
0.23737043146317216 -0.2398079769225554
