200 2
-2.739900974734586 1.202717832554766
-2.712452423638917 0.5021601872057828
-3.4493507847961875 0.9405409727654358
-2.746839441947299 0.788681774078747
-2.695082870054465 1.2769582579762537
-2.734462177427064 0.571722236152159
-2.99850334241591 1.2567997092774839
-2.6715651510229392 1.2647696070197538
-3.0530898127853274 1.4234863930724218
-2.6167591464187696 1.3287366743365454
-3.206498615564569 1.4729843982005468
-3.355913680472226 0.5654574181590721
-3.274613898000732 0.696267945840884
-2.8508164584958586 1.492651140939378
-3.1971101307503993 0.5200027716855501
-2.7793644525669743 0.7804098592922697
-3.048547544342374 0.6166094507128065
-2.7143273799394616 1.4765837048434407
-3.4813033814801804 1.42494688479236
-3.287467755430856 0.5126983605157869
2.984131502384534 6.197875365392849
2.535364145809956 6.115536638562148
3.00473683093326 6.481035790675239
2.8125895326610575 5.83022866773355
3.091675220979162 5.921241142114887
3.351848543261579 5.634672469240105
3.475761198107656 5.7046711648011375
2.6935225079653597 6.417338270071435
3.376874042464848 6.070950780047533
2.958121865642826 6.195628515332695
2.5723361179270365 6.181855193575589
3.1976662200791925 5.512068029640338
3.077863582743096 5.669760717725234
2.767459671231972 6.274246039815963
3.2853487598136732 6.473636620425778
2.689434335338985 6.26902267708437
3.2598872993671235 6.306227861625822
3.2199212284017253 5.926145460643193
3.1440360235307225 5.52752638387013
2.613765955879276 6.0054676928507265
3.230902109583226 6.488359892556974
3.2313798714309288 5.569371697319177
2.8768859294720786 5.763239005698107
2.768953799135696 6.386633365315643
2.5980126278441924 6.307169729750822
2.8360514265327854 5.910559899001912
3.221087314878468 5.780519787651384
3.0879277002567167 6.013548696662501
3.2059726188951134 6.297073450275177
2.7184634233029934 6.370927183430617
4.509124096123903 1.6737256721864382
4.757149625461091 1.7590660191689396
5.1983411186387745 2.433979435526589
4.795507515751643 1.8677310531342055
4.624101480862306 2.3602888075994377
4.874870620576008 1.6302098070169746
4.996042648571667 2.3825615882333726
5.049410276238156 1.7423043236529792
5.29493429426194 1.8536644018161859
4.745765763152507 2.1635785940244827
5.060214388653101 2.0662879727876664
4.653187964834089 1.81519191045874
5.385515252278085 1.8049090780364985
4.781927477761341 1.8417818324714554
4.575589943344124 1.957509032087676
5.06904637443856 1.537722406413285
5.154856860916722 2.2461145094877972
5.040989480290595 1.5500585226628492
4.996406687648652 2.3223344600652975
5.349569444671506 1.6169996106030022
4.8075901795838885 2.477711135359036
4.898249938479182 2.2849534631609263
5.321630497255494 2.4183988159305128
5.303753413940984 1.5996374624517111
4.597105638551311 1.5262822032128547
5.005847993948147 2.3145955851937394
5.189842590873273 1.7904784170045893
4.957503391489313 1.9303010995878194
5.064351869075585 1.7203274283240102
5.170398590789802 2.1306791600324297
5.383968591888534 1.9690211152450188
4.8118427779645625 1.8239147623507281
4.773520149219064 1.5292179270318558
5.263046676714309 1.6264853368179468
4.51000910135458 1.8431395959890648
5.224949210186374 2.3815518916042144
4.724725860111412 2.4852010000367213
4.687191754543623 1.9852404524290423
4.846048947948051 1.7507738393101158
4.826069157873436 1.6593363184129606
0.3093545058304188 0.19877243152483703
0.23502370019664642 -0.10479303459149858
-0.30697810605875275 0.4825326929306698
-0.2129405778463096 -0.39313012430908445
-0.07251810866418529 -0.12127447219016063
0.43955660371354444 -0.14071058450522034
-0.017932007861426458 0.1010894086577031
-0.09442209328391316 -0.17639888869428566
-0.32649285597808797 -0.36538298607491937
0.17977635564237926 0.3344157189925505
-0.24904778663915061 0.3629444849613812
0.10752349129166261 -0.2923660127493024
-0.33730443961025336 -0.19345042446192706
0.2561595666189792 0.04382978709494023
-0.48468209805630147 -0.05646327503928594
0.04400998290909197 0.33067414426655384
0.11809071935616844 -0.2298160029514975
-0.09187435194936244 0.09334531655987399
0.0738633881826094 0.4574967562288238
-0.21882088341690764 -0.07074750355558268
0.04425042565524373 0.38990967642309027
0.25159296781018925 0.0034710963324892097
0.2561684585700884 -0.11134807280735537
0.21733284174745016 0.19529595323264792
0.48749193258930945 -0.428489552129366
0.07179638487125362 -0.24588046322102985
-0.11045256178148644 -0.4670466477269569
0.03374640642154836 0.25329047825811846
0.0890507191263421 -0.440498654632853
0.2773023288361659 0.44655620396349516
-0.37015553576787597 0.15306491782027454
0.3095333648092842 0.3201390578974004
-0.30596524891776156 0.35231483140108455
0.14756297417547704 -0.33824158843481555
0.0502697248023567 -0.4979123865011601
0.4678106862138858 -0.2418385760051477
-0.12538292218903435 0.3926213724974804
-0.31860423184345554 0.03538988929211151
-0.20127292294104915 -0.0010395913688666658
-0.16166855646849532 0.2826572276883633
-0.42913752908106173 0.49814799164087564
0.22893154945819272 -0.4958702025255205
0.4039369112489424 0.10031209539648211
-0.2667472093722667 -0.06926365110776433
0.048168234903031903 0.4230433166751294
-0.46534352025602665 0.2366742209709357
-0.06495170202650125 -0.4170684468669472
-0.21213186059016154 0.31692652207992855
0.4717061254913799 -0.09470787649220436
-0.07204914384980232 -0.3170873216678589
3.043623219843787 3.173949192404535
3.4777876564885104 2.93159422015952
2.778817011102444 3.4528597703659125
3.3021645313319 2.9450522005320705
2.73974188825341 2.6490948030057826
2.8994708641620486 3.088427621634879
3.3274734530123076 3.132024914448678
2.7566425880281242 2.9837917361580564
2.5723855251488588 2.887559882601483
3.116726174193341 3.0117838250739664
2.743522241467833 3.327106409237824
3.378309920898439 3.3431423794223094
3.31133871830898 2.7853644180005603
3.3509705919408646 2.849788626867949
2.953910464102919 3.0675949913179923
2.9182373492634954 3.100602749331471
2.775593171019618 2.9749094242127643
3.4241888943255874 3.2387277379317165
2.5442758003276458 2.9768963683343825
3.0426809023564085 3.4777247195239123
3.1734889662237205 3.3324835777218924
2.501009730987446 3.340154786814
3.2127048522409125 2.9621772019879247
3.1143631257414386 3.3463741351642144
2.78032727756419 3.2341044661652
2.6139910720829445 2.756738213092509
3.185732567460362 2.8666048322359576
3.2705506703516387 2.9133912204446597
2.8053954055159527 2.9580458177304445
2.8596012969847004 3.3034544097552394
2.582533697594602 3.217196846514103
3.4292446702103763 2.534374780954554
2.8408468903154596 3.100023565867452
3.050291046744119 2.9601999524044356
2.684174601629814 2.9198064842478666
3.397168929379969 2.6281048718337416
2.932663490069321 2.599407636972746
2.9467292948763277 3.131504088189377
3.0740331011916764 3.08828730536489
2.7611964012314067 3.1336440586579997
2.5828051885717356 3.27318273996248
2.6422442081282598 2.8643524755936083
2.876668882089449 3.466715573513542
2.6461632706179437 3.273444069139819
2.5831950187459243 3.182915774940711
2.5847442470698 3.237410773535687
3.215412071974331 3.3740726493681485
3.0918941534025954 3.098186974397872
3.06922143143482 3.1982122598694787
3.448457907885251 3.487330720582773
2.912203353133817 3.3133971166810574
3.2133184898091156 2.8813203273049814
3.4956512157307804 3.4835709669618242
2.9746807280250347 2.8299462773976045
3.473643507499301 3.159799193649395
2.5578123148027254 3.2067842459162033
2.8167753326062095 3.222345594561501
2.980964276328951 3.2505650690856713
2.987080274258751 3.4810802891358525
3.0266660694595915 3.1648383383754513
