454 2
-4.0732247573153435 -4.088053087011038
-4.043860763938114 -4.085940788510205
-3.9632752561528948 -3.9360573324960137
-3.9793537434206354 -3.9141161363746853
-4.068204393722756 -4.107499043236519
-4.084113479410391 -3.9676132824204813
-4.085975643196782 -4.027863844486809
-3.9678687563609896 -3.934989776600686
-4.014388273753298 -4.0871779898456975
-3.9141269130793797 -3.974040470230844
-3.9918776355516634 -3.919574790275352
-3.9442746214582165 -4.03482942801669
-4.096280873420457 -4.07596195928107
-4.055615505287486 -3.937818157064096
-3.9211565260163455 -4.065732933007121
-4.044617622248904 -3.9092954203204173
-4.0788942619329065 -4.029304421162427
-3.9589351708354825 -3.9404998587126583
-3.997703866309476 -4.049784769876386
-3.97000348340093 -3.922368382184652
-3.9805158072543865 -3.9803719440700474
-4.032987089141723 -4.007840080031425
-4.001377439360423 -4.025918487661942
-4.082231011017774 -3.935354584068053
-4.016110651007714 -4.100009214451336
-4.0557370523886815 -4.0813272342342275
-4.032375932732914 -4.064701229379194
-4.0021312711354815 -4.016722486759525
-4.0535353866866055 -4.108275310325864
-4.039658977079492 -4.075041972930517
-3.9647551329860833 -4.006273598113963
-3.8946127630581198 -3.96405675118196
-3.974544962272565 -4.027117449223485
-4.081530382301783 -3.927735274437659
-4.0412184692342 -4.09671154930253
-3.8902982324263484 -4.040739187872429
-4.066752718212775 -4.072173964909494
-4.102344166264592 -3.996007771749238
-3.941101554968447 -4.0268089678594565
-3.9181261569004153 -4.029603707916515
-4.007916316146464 -3.9583079297518786
-3.9037613698767344 -4.01110858304499
-3.9136114245691838 -3.9401841336974184
-3.9423584846300663 -4.076246312995477
-4.017977012748032 -4.039680808900414
-4.0521328533692875 -4.048294367372328
-4.039355617809862 -4.08529616582196
-4.110408297266096 -3.9796773354939696
-3.9954723448360605 -4.065219384416249
-4.090668076442737 -4.092449637811329
-4.434553174387835 0.1356916721186068
-3.8443624951024176 0.07184961992855475
-3.7704936031078162 0.007800857929091697
-4.004781229536338 -0.43238647496460164
-4.344753230365623 0.09899713498953798
-4.298755530484104 0.4020819565669218
-4.103330559627666 0.2083736059884306
-4.301116471069633 0.05825791040165204
-3.7028697230097487 -0.41256429540682277
-3.6438167890675315 -0.10037776084402653
-3.7372283925692016 0.4130498526682275
-3.600752521395552 0.2635432433253757
-4.434383857755731 -0.41756590465396853
-4.3597787671317265 0.11947052917982402
-4.138413025950273 0.03772889377647361
-4.21460770680434 -0.009866978134285576
-4.322442870920291 0.40360448134681637
-3.648102740903926 0.27594658629238555
-3.5702362833854524 -0.40989924689372886
-3.87876822929874 -0.05819127380690903
-4.179611738218875 0.22837047351897405
-4.404829458653854 0.022654695888390648
-3.9022561268823983 -0.22020673127107135
-3.9671855531181377 0.3413142683657946
-4.334331000074209 -0.07183492376794665
-4.09339216966722 0.29523076354052363
-4.011921090855268 -0.2322083114785721
-3.9904486588153625 -0.05671906323114177
-4.385137801985753 -0.4260550090573206
-4.198642346121036 0.08081443334942097
-3.56302631870608 0.31980077813257746
-3.955990568044301 -0.1967567532449253
-3.750049495162502 -0.13903850697633496
-4.37784336520318 0.2677300056685955
-3.681681599209234 0.05294339193744347
-3.889125584745601 -0.40227803979480414
-3.970652925355347 0.021540696995738486
-4.023567647010953 0.31842625442683853
-3.695666695027764 -0.2707936712652015
-3.7371668848775186 0.39248661977390836
-3.9984280824849048 0.40925674708097526
-3.8973437318301025 -0.01586933240107096
-3.8436337890036056 -0.2754740365488345
-3.595485050970694 -0.37010420383596054
-4.2380976325060775 0.20955468062420243
-3.645477786876616 -0.08066626252429081
-3.5757507441132153 -0.026774835369389058
-3.865708407430619 -0.40369046808463915
-3.743495290729855 0.03883777048024337
-3.634627657652895 -0.30913176291801026
-4.107329615904481 3.7513714451127256
-3.9120253902971234 4.273116979994646
-4.061999676470182 4.123145483324108
-4.257507932992068 3.888998620566101
-3.7164438592965694 3.7129055924321035
-3.830118248931079 4.124913975862487
-3.982393350768325 3.790014725139134
-3.9271565710959275 3.7089229357824407
-3.8999870755981596 4.306953291044993
-4.068545831254534 4.092028063920261
-4.251597503133915 3.8739736734388948
-3.8347259658576816 3.889797960410532
-3.981498305275108 4.217358799442346
-4.1168664507915 3.845720224723126
-4.232541153156363 3.9812898641190673
-3.8533241436319834 3.847257942481778
-3.822895470925223 4.067877920821927
-3.76435583023139 4.204620475571385
-3.9530891147990346 3.820814663662113
-3.8266049298686564 3.970915860476842
-3.7894098525273883 4.2101779192062185
-3.720769638752261 3.738387389552358
-4.093495144298157 3.7320050041320694
-3.8001586233706908 4.2351516141617065
-4.132635973463929 4.182416819210709
-3.7782358230080466 3.959749453059626
-4.1225673495554 4.293979097998266
-3.917978854596269 3.87867363504497
-4.230212942611198 3.9076920495631096
-3.710372896983168 4.30020866605274
-4.105659337345185 4.1424122285171965
-3.9795462211414367 4.0520378815448455
-3.837057466416298 3.927501928872041
-4.033224739312113 4.1239239364537
-3.98336218125226 4.010563173641382
-4.189828218002325 3.8940590352259767
-4.289962176280634 4.288540630071754
-4.069338271647293 4.236302095250311
-3.877653337866219 3.8317967248683824
-4.283643093669372 4.27832503549664
-3.916629975253621 3.7956799517803086
-3.7484511756771726 3.948183007260687
-3.8481688768960827 3.8383433967732628
-4.173045360470236 4.131112776947133
-4.019449368527013 3.749321056213038
-3.806913767598946 4.1142599881010335
-3.9673959123297204 3.8943450490272187
-4.114801919785166 3.751082310797807
-4.252327145216947 3.8521509502045537
-4.06340866390064 4.095340099248487
-0.1612730000174764 -4.257074404850318
0.5427103901310738 -3.8389013540800563
0.10669093331249842 -3.440833306741915
-0.5439890266979432 -3.6286025099450345
-0.21381644758682064 -3.6210985833536404
-0.07301497189857493 -3.526258657855533
-0.41238223366578025 -4.48377993724707
0.4744083097820357 -3.951994182452837
-0.12692642806436166 -3.5935003685410516
-0.3635034511694273 -4.56036041593558
-0.2757378832203716 -4.418085077289386
-0.2243825229936737 -4.2122005276543355
0.5366774900910034 -4.149736751668181
-0.3110858413846015 -3.4528410642962353
0.4959553470999713 -3.528311330181382
0.2947864456336678 -4.118457295214485
0.45068382906308585 -3.7511268513847664
0.31777401599900035 -3.5420360368058166
0.2945691372828376 -4.016871930498525
0.32811049998000397 -4.242114386797593
0.5513937789069595 -4.433100099698291
-0.025047108437226018 -4.047033309250791
0.07946790249224849 -3.4731043161388833
0.31144998328805956 -3.7875454521235854
-0.039837266824821506 -3.9895955906541585
-0.361850982863646 -4.045910579611887
0.4103272110703418 -3.4800145634834934
-0.28552229402424056 -3.824472414601644
-0.22089714240558445 -4.30344180170832
0.34791378758560054 -4.274645895217156
0.10147988422027639 -3.97349190634635
0.19751368346576928 -3.471621768067346
0.15302975751578937 -4.486894584873724
0.03026882209193829 -4.358296337422855
0.5658486552107034 -3.4449978410037545
-0.5480705138649417 -3.8517752599658097
0.4026788057981087 -3.4321275977221917
0.26579154370565966 -3.469982492351229
-0.3597130136536972 -4.397108327524299
-0.1469816681958058 -4.039758597073453
0.14733152507763628 -4.01331970804088
-0.04336402718498291 -4.449373702676674
-0.15075442012267307 -4.323031835119316
0.4783697332951525 -3.878754575551668
-0.25022921299555495 -4.061265901510699
-0.20276360521875045 -4.325336152734108
0.39956960415928816 -4.5537957249850205
0.4104244755713348 -3.7384304098802508
-0.30897050632038203 -4.0367953829645815
-0.034575087183639844 -3.7445517895146696
-0.04652540485610426 -0.056362501268244276
0.00948090449857862 0.006896575760311523
-0.08117059481188488 -0.039935020671828456
0.03649555353054444 -0.09897138749684252
0.06696381745450466 -0.10900942043580467
0.08063970422488655 0.049626383424683305
-0.06567251670477023 0.07251903845868347
-0.05187579559733862 -0.11123096264700574
-0.018730318042556544 -0.08504979037963734
-0.08984645245950719 -0.004522944847752948
0.040723249238687934 -0.0036411788331824624
0.06846583786210808 -0.05341562705642352
-0.10681708827071505 -0.0023121819923142164
-0.012053063013405778 0.05861162241213568
0.11398822095893929 -0.07994558358523499
-0.00505597443111811 -0.004859482917153918
0.10711795861779297 -0.1009481192075283
0.09790143210656561 -0.08363206998636918
-0.0792924439042296 -0.022661781548227237
-0.055472462421820586 0.03641905647050162
0.05497199668345244 0.0835282228570045
0.04900931439989396 0.1091447472874421
0.08335342220899289 0.11416710525020354
-0.027489988741121966 -0.07276788738358515
-0.10003832302230972 0.08288719459286034
-0.006247228107934034 -0.008914251725543235
-0.007911609164098452 0.043844498807420695
0.01670675176273496 0.11347941634423746
-0.020937595575975267 0.08503825714803731
0.04983625202961646 -0.10273471848892705
-0.024957105463853674 -0.03205694408253912
0.015339755415131303 0.04050159831365556
-0.04404977940676735 0.01506034942960441
-0.05356912238845909 -0.09883109335072747
-0.010482085896541378 -0.0470284692758427
0.08229723148713919 0.07775627757656307
-0.05828900629126444 -0.0690175440179087
-0.10069451840815874 -0.031741859086087565
0.03230702419013874 -0.027112441093667724
-0.00027152801365389685 0.0877396566007082
-0.01193476348189784 -0.03610567924581769
0.043365294582824385 0.10398725925972142
-0.05201562041649128 -0.006169619321060954
0.03468445832780217 -0.061534650410318914
0.03440278737654106 0.031131781718688193
-0.07435410260700225 0.07463182847601499
0.09113899505272706 -0.08303312920484089
0.11269069690037012 0.00029506631738694075
-0.09863061839512303 -0.046651905590339875
-0.007237943565771196 -0.10912230427237411
-0.44322492573831196 4.190600258858583
0.3375564091211974 3.810294595159193
0.264610543225265 3.563732492361259
-0.07062819206332815 4.35515676407806
-0.07820042378601333 4.021044254090689
-0.0353552368183885 3.6189093262186875
0.08546689740371813 3.668647837361052
-0.170274702690864 3.678987871699684
0.002800062564020206 4.44145325141315
-0.0943193561350909 4.018321309057204
0.25820219352881757 4.23314027107128
-0.3420910209523094 3.5352508909530442
0.38667496419119074 4.112594090230781
0.14703312688815295 4.25726182184049
0.28680995560904127 3.621202537060552
0.08598111418018839 3.53524949746333
-0.2968240946222592 4.180643634981257
0.3946405298019918 4.3661647081693715
0.07570361823046327 4.29817663405034
-0.3887119764856316 4.157284521416295
0.1675636408020466 4.127805217503679
0.26872242256196355 4.2208841603121785
0.29518302314511335 3.6863563090110594
-0.4141697356401344 4.474018624999582
0.4680187094242431 4.139888929920744
0.02272251475139832 4.470206976371714
-0.012554326923045816 4.052193645066604
0.3811177864734442 3.972929342462756
-0.09112369844792108 3.9969930721249574
-0.042939598260352166 3.6451797735467903
0.21794168129856026 4.358796175314993
-0.03525584599316321 4.210982288914492
0.14278930926930258 3.552784008225638
-0.447370609324968 4.165597832982645
-0.16124714249011124 4.27608387497979
-0.08228796523968751 3.9267311313818345
0.14492991596174648 4.319089618080657
-0.1332990645652361 3.5530356614998686
0.1659434856675719 4.008666918027379
0.12888838699516375 4.277657581019995
-0.45477957945918146 4.02894553140966
0.3056192874314369 3.9773577407175082
0.3048483616982149 4.257564562581727
-0.03457485354324674 3.9438951936695648
0.406865514700397 3.6757777946807546
-0.3576946802359631 3.7385236277626372
0.3408258049209489 4.388245327951369
0.3542566456877149 3.5491924541866324
0.4406559637004171 3.8544074330930385
-0.1231758543303017 4.202329689745767
4.113126505900391 -4.669588501558897
3.2989178575393514 -4.183005217149398
4.0100168714582685 -4.257622550378916
3.6710330145749523 -3.4424382556867825
4.155014500019541 -4.604689301488514
4.155716440203514 -4.032698170709459
4.361973737591383 -3.4412086407100055
3.658975615430658 -3.9588609780176762
4.5060955081429235 -4.1766692164405965
3.6213853473028337 -4.745198364258873
3.982953415966327 -4.291530240388214
4.4718712954989375 -3.973216904377116
4.153471108598651 -3.4559568516143324
3.547286059658955 -4.722088490097145
4.371347509123274 -4.690770379042691
4.298967297449987 -4.121636179948866
3.4578943321099302 -4.350255777323131
4.455230151092092 -3.7377468732857855
4.426873152068278 -4.732466853055182
3.7067914322944815 -3.781112352972509
3.3364047511679433 -3.846755963211861
4.20092402676009 -3.980025811499793
4.390486408714091 -3.444514313105341
4.33872898373475 -4.706364354592109
4.076820497176022 -4.139570971316317
4.4315556386928 -3.8817543479971732
4.624421440173857 -4.556841356116328
4.634012096644655 -3.6881447340437146
3.4205838862220004 -3.450645611123506
3.3952578349120204 -3.8700218920458664
3.379996817620139 -3.4324024288194206
4.270931914548071 -3.890671968956994
3.437244124959007 -4.650371266392426
3.489984954234487 -3.4477936826708073
3.7995929047726467 -3.794195869048096
3.8292382661760014 -3.4444622116728243
4.010478040711402 -4.51424353497831
3.4884600809846504 -3.414872033655484
3.548344721945187 -3.8408857710255635
3.8184219683128973 -4.162289618944764
4.431435327395093 -4.4934507335589995
4.645214961302804 -4.325570725196946
3.5782438384829027 -3.7930688281469718
3.8865529749411625 -3.4050790863088745
4.486831088268617 -3.4824263739592625
3.5006183609275707 -4.53965099394709
4.209089198665256 -3.6608204519253786
3.989270859083199 -4.677083055180085
4.487331671966846 -4.634072496555387
4.648140086930831 -4.080932413108603
3.6990225951030875 -0.12431645238631679
4.092564154602489 0.18916417261219085
3.47183977981828 -0.8584782259645587
4.327446101638211 -0.8856469377707369
4.226102185486187 -0.8727535484451453
4.616083609983003 -0.277561060571958
4.072008120820975 -0.29438251248812025
4.272257606410067 -0.8297496341944347
4.5137088574595685 -0.254972117697981
3.4905455037915787 0.27358495908472125
4.137210449782954 -0.6235340694568192
3.5798074974117626 -0.3546534072710302
4.6312135595852135 -0.5512759116022199
3.274416550133923 0.19304695923016932
4.4968734645688935 0.0224334312986557
3.639746765674148 0.8084254221335161
4.6252802789567085 -0.12851845734220593
3.276377200852606 0.2230520111602131
4.086224509157986 -0.23099189122657388
4.827241280732433 -0.10315070719836462
4.722676457345074 -0.4207199241721247
3.892322833332453 -0.028182915705956775
4.428566344521217 -0.6753685621442364
4.680980373756929 -0.4020562656873955
3.198589437251312 0.7914288749871773
3.8454998382297574 -0.5717545764194155
3.5230486794679683 0.7878844229272303
4.296254924117002 -0.28735692556100095
4.62230957734212 -0.7992127523121656
3.2179481271636226 0.49484124760341563
4.155728807961532 0.044619824367677974
3.1781459659103293 -0.4618434353634573
3.757441034902307 -0.4695683515565554
3.3796788296898366 -0.3213630531550129
3.1816753429585214 0.02230566052909417
3.8023555872368404 0.4021535574275767
4.895368523727626 -0.3844570882914
4.3323533757914525 -0.024997969799592477
4.908447834091342 0.72507616696426
4.517553440028425 -0.13107696745923786
4.852495727277684 0.6056814463045999
3.815972956092524 -0.9055439803709434
4.169830635922724 0.742460939632946
4.100600828714858 -0.540549890740726
4.826129550049245 0.5677935295495453
4.46215203870035 -0.41517768000271643
3.379125945544271 0.6480509561600718
4.656028746987893 0.33352064733314524
4.82892066296888 -0.07490620883415013
3.6652094115328957 0.6341618151239055
4.301357905918168 4.287455294454039
4.473492246201656 3.6075772239785335
3.7890991219668093 4.629981563796443
4.251507977556023 3.735336915844682
3.749939884528081 3.9792319771384257
3.7876966507023746 4.509462744615916
3.6586223750096494 3.404530423267608
4.55257356678596 4.526732241168063
4.330444314905881 3.719416039764968
3.7939234723277324 3.4521747317531064
3.4053534850227187 4.012899333027917
3.8328335528465383 3.7072107276067405
4.126396999092384 4.474955955497856
4.275127989954294 3.6479985603611067
3.809147018414591 3.5500253424831385
3.429476878599421 3.779811916991041
4.556299884614557 4.168580206108561
3.6315380610255037 3.61100489534965
3.619363518833738 4.543001183922833
4.165339719444072 3.6224255086247807
4.029028617597655 4.059753088939291
3.985234333615464 4.163109054092088
3.612862132806967 3.4851018254175417
3.7571979600578795 4.335710895120689
3.466767924108441 4.009540781320255
4.146522041814695 3.7863409586663024
3.382646182020285 4.1998611416137885
3.5082756328354234 3.701744977048251
4.049437529085373 4.24208154662263
4.270405623384769 4.391532370486839
3.882970590906728 3.382562100180138
4.088658158707687 3.633325125468361
4.58184214952307 3.868176551584798
4.59979806637379 4.044090648498157
3.7442484551473583 4.080851915331506
3.6228586763634367 4.222946126759307
4.326488453064779 3.953027298537706
4.098429388368316 3.8571461140992898
3.7705898759788483 3.4560761305990146
3.7695073621038184 3.979373622614811
4.2059965753954245 3.6750675248517712
4.068388949067441 4.407029661014854
3.7627619458771986 4.380083035399166
4.016968163650122 4.145600157537574
3.39806145341979 4.186759367504636
3.458108870215771 4.044446433414888
4.5474066666348065 3.577724949853707
3.978814663229972 3.8282824713141483
4.303479241526089 4.422130258002737
3.695408593759706 4.486148928594374
-2 -2
-2 2
2 -2
2 2
