200 2
1.32 -1.174
-0.079 0.467
0.998 2.671
-3.629 -2.186
-3.895 -2.3
1.241 1.621
4.698 1.599
-1.503 4.12
4.141 -4.405
3.024 4.234
2.138 -1.321
-4.383 1.376
-4.341 2.127
3.902 -0.92
-0.502 -4.579
-4.118 3.731
-3.047 3.641
-2.605 -0.17
-1.721 -2.994
-0.944 -2.051
-4.73 3.855
3.391 -2.742
3.345 -3.962
3.655 -4.315
1.555 -1.834
-3.307 0.372
1.9 -3.3
3.049 -4.978
4.641 -1.81
1.053 -4.831
-4.2 -4.263
-0.182 -1.357
-0.84 -4.814
2.155 2.566
0.21 -3.106
4.943 -0.447
-3.706 2.028
-0.969 -2.516
4.591 0.517
-3.565 -0.958
-4.502 -0.832
-3.712 2.048
1.574 2.937
-1.413 -4.495
-1.809 4.366
0.529 -0.752
2.063 -0.025
2.951 1.447
-3.398 0.669
3.196 2.57
-0.386 3.025
4.624 3.6
-4.932 3.81
4.024 -4.535
-0.237 0.385
1.389 1.388
-3.577 1.916
-4.405 -2.532
-0.349 -3.796
-3.481 4.503
4.108 1.002
-4.525 -3.812
0.861 -0.579
2.5 3.351
2.452 -3.984
1.245 -0.716
3.386 0.944
-1.43 3.245
3.038 1.244
-4.983 -3.065
-4.699 -1.849
0.539 -2.851
3.538 0.318
-2.284 -4.952
2.881 2.136
4.258 4.853
3.652 3.367
-2.404 -0.932
-3.942 3.747
0.1 1.942
3.458 1.273
-4.899 1.555
-2.213 3.583
-1.502 -2.255
0.601 0.944
1.945 -0.827
-3.726 0.35
-2.077 -0.939
2.829 4.647
-3.32 3.768
-2.996 -3.828
-3.861 0.289
-2.654 2.153
2.065 -1.463
4.913 1.535
-3.502 -4.872
0.598 4.257
0.006 -4.31
-0.292 -3.272
-4.364 -1.748
0.042 -0.074
3.268 2.058
3.604 3.145
4.074 1.715
-2.401 4.931
-1.845 -2.967
4.999 0.228
-2.673 2.94
0.576 -4.802
2.027 -0.593
-0.062 2.268
-1.882 -1.753
4.755 -4.996
-3.076 3.776
4.844 1.341
-4.101 4.007
0.322 4.495
2.453 1.654
-4.692 -2.329
4.144 0.927
0.028 2.373
1.512 -0.195
-1.142 1.52
2.763 -2.094
-4.919 -3.457
2.721 -0.325
-4.215 -0.45
-2.619 4.22
1.057 1.607
-2.209 -4.46
2.759 -1.318
2.201 1.918
-3.396 -0.638
3.846 1.709
2.645 -3.254
-0.491 0.645
-3.989 -1.738
-4.867 0.651
4.828 -4.146
-2.589 -0.527
0.154 -0.643
-3.413 -1.753
-0.715 -3.993
1.392 -3.987
0.729 -2.896
-4.874 -3.221
3.934 1.095
-0.343 0.928
-2.696 0.312
2.32 4.56
4.509 3.166
1.125 2.353
-4.198 -4.811
0.589 3.627
-2.602 -0.794
4.109 -0.446
-4.509 0.201
-0.334 1.305
-1.252 -1.967
0.276 1.327
3.288 -3.842
3.752 2.486
2.647 0.378
0.134 3.249
0.256 2.748
4.844 1.015
0.416 -3.268
-1.62 1.592
-2.432 2.122
-4.8 1.106
3.767 -3.136
-0.967 -0.997
-0.043 2.438
-0.637 2.026
-2.38 2.283
-0.696 0.086
1.605 2.237
-0.171 -0.639
-2.992 4.594
-1.731 -0.592
4.46 -2.498
-4.12 -3.139
-4.696 4.856
2.321 1.472
2.356 2.073
-4.833 -3.636
-0.678 -4.099
4.126 -1.78
-0.518 -2.455
0.751 -1.963
-2.272 1.715
3.412 -0.957
-3.513 4.187
-3.889 -0.898
0.665 4.534
-1.507 -4.72
-3.306 -1.404
2.956 4.606
2.725 4.597
-0.348 1.741
-2.566 1.99
-2.361 -1.489
-0.025 3.317
-4.549 2.582
3.131 -1.113
3.847 -0.589
-3.475 -4.139
-2.025 4.054
-0.524 -4.469
3.532 -3.433
0.659 -3.762
0.213 0.047
2.628 1.757
-0.286 -4.035
1.07 2.557
-1.873 1.109
-1.663 4.585
4.719 1.198
2.603 1.94
2.41 -0.626
-0.974 -0.234
4.156 -1.453
3.413 3.259
-3.545 -2.333
-4.507 -0.298
-0.239 -4.969
-1.639 -4.994
-1.574 2.917
-3.04 -1.457
-0.977 -0.631
2.848 4.28
2.555 0.451
-1.327 -2.533
-1.037 -2.436
3.929 1.112
4.785 -2.829
-3.989 -1.429
-1.325 2.838
-3.627 -4.267
3.368 -2.324
4.794 3.659
-3.233 -3.048
0.529 0.279
-1.194 1.776
3.328 -1.659
1.73 1.838
-4.171 -0.204
3.981 1.809
0.43 -2.272
1.49 -1.954
-3.951 2.506
-4.469 -2.509
-4.056 -1.176
3.492 3.654
3.196 0.099
4.971 0.516
-0.385 0.22
3.307 3.298
1.722 -2.483
-2.426 -0.192
-0.911 -1.332
3.341 1.058
4.898 -3.184
-0.278 4.816
-1.728 0.441
-2.137 1.383
-3.754 1.397
1.7 -0.077
-4.965 -3.059
1.322 -2.766
3.131 2.818
-3.312 1.345
-1.057 -3.022
-3.137 3.584
-4.902 0.685
0.673 1.71
2.144 -0.083
1.444 4.952
-4.801 -2.269
3.865 -4.38
3.916 -1.387
0.582 1.928
-3.903 1.627
-1.423 -1.92
3.199 4.998
-2.833 1.848
3.258 3.78
-4.691 1.462
2.385 0.553
3.287 4.686
2.754 0.148
0.522 3.028
1.321 1.132
3.259 1.031
-3.06 -0.024
1.458 -0.399
-0.251 -1.72
4.463 -0.926
-3.915 3.665
-1.239 -3.184
-3.924 1.043
2.608 2.803
-1.432 -0.197
-4.038 -3.151
-0.902 -0.6
2.863 2.814
-2.239 -2.591
4.231 -3.806
0.747 -1.679
-4.628 1.388
1.624 -1.598
-3.762 0.04
0.048 3.974
1.728 -2.643
-1.209 1.007
-3.636 -1.452
0.433 4.015
3.091 -3.404
0.981 3.482
1.839 2.921
1.869 -3.746
0.714 -1.347
0.103 -0.467
-4.162 0.147
1.439 3.138
-0.005 -1.304
-4.772 0.655
-1.641 3.46
2.783 1.465
1.382 1.493
-0.644 -4.896
-0.596 0.996
4.699 -3.732
1.912 -3.822
0.563 -2.635
-2.388 3.746
0.64 -3.153
3.306 -1.789
-0.497 -4.007
2.034 -0.316
4.273 -1.935
-2.524 -4.492
2.523 2.428
2.82 4.11
-1.04 2.16
-4.204 -0.578
4.537 3.971
2.234 -1.517
4.303 -4.756
4.536 -2.33
-2.04 2.756
-4.85 -4.174
2.191 -3.957
3.324 -0.729
2.777 1.143
2.05 -2.13
0.778 -0.793
0.144 0.921
3.331 -1.904
-2.677 4.35
4.265 0.592
4.661 -4.795
0.798 0.18
-3.479 0.756
-4.122 -1.634
3.144 -2.865
-1.169 -4.218
2.361 2.124
-2.812 4.978
4.984 -1.068
-1.022 -3.789
-0.886 -3.513
-3.304 0.698
-1.879 -4.649
1.245 -1.075
-3.442 2.992
-2.44 -4.773
-0.8 0.314
1.223 -0.797
-2.554 -3.021
-2.679 -1.088
3.929 0.375
4.764 -2.817
-2.454 -3.661
-0.931 0.557
3.39 -4.437
1.373 3.828
-0.614 -0.442
4.253 3.395
0.358 -4.909
-1.034 -4.524
-2.78 -3.962
4.385 -4.795
0.243 3.754
4.592 0.509
-1.851 4.302
-1.563 4.237
4.559 -2.458
4.516 -3.362
-3.461 -0.679
-3.321 -1.549
-1.665 -0.773
4.786 -1.299
1.189 0.476
3.349 -4.315
-1.891 -1.2
0.303 4.089
0.511 1.823
-4.062 -4.245
4.542 -1.469
1.171 1.128
1.064 -3.277
-3.665 -4.137
-0.763 -4.256
0.566 -0.463
0.538 0.306
-1.748 0.916
1.058 4.059
4.474 2.443
-3.999 3.087
3.577 -0.177
2.621 2.876
4.411 -1.136
-2.69 1.081
2.708 -1.371
-0.019 3.485
2.424 -3.576
-0.075 0.58
4.217 -4.85
2.872 0.722
-2.537 3.866
2.966 -1.458
-4.519 2.605
2.641 4.028
-0.081 -4.57
2.423 -2.62
1.108 1.642
2.99 -0.164
1.983 0.437
-4.221 4.657
4.064 3.501
0.632 -4.605
-2.023 -1.048
-0.418 1.948
-1.125 -2.68
-0.338 3.813
4.901 -4.336
1.044 2.085
4.275 -1.149
0.929 4.602
-3.648 -2.544
-3.811 -1.115
-4.669 -4.443
-0.063 3.824
-0.117 2.473
-0.158 -4.231
-3.319 -4.35
-3.776 4.241
4.081 0.007
3.485 -0.554
-4.425 -2.399
3.185 -2.764
-1.294 2.044
-3.67 0.111
-2.783 1.244
-4.294 -1.764
-3.925 -1.987
-0.231 -3.651
3.138 0.94
2.804 4.407
1.314 4.445
-0.51 -2.502
-0.711 3.18
-1.374 -4.438
2.338 -4.025
2.851 -3.42
2.282 3.206
3.514 -4.377
4.902 4.584
-2.726 0.381
-0.413 -4.089
-1.02 4.136
-2.928 1.833
2.215 3.689
4.426 4.964
4.929 3.221
2.82 0.242
3.104 1.381
-2.465 2.284
2.917 -0.157
3.513 3.029
1.382 0.699
-3.731 -2.194
-3.29 0.455
1.859 0.17
-1.661 2.226
-0.972 -2.662
4.971 -2.599
-2.34 2.11
-4.834 -1.238
-4.824 -3.38
-4.195 -0.431
-4.528 -3.496
-0.873 -3.12
-3.641 4.784
0.694 -1.648
0.987 -2.843
-1.406 0.297
0.348 -2.145
-2.518 1.879
3.946 -2.379
1.928 -2.662
3.733 -4.667
-2.721 1.792
2.443 -1.273
-4.469 -0.119
3.914 1.869
-4.154 -0.056
3.278 -0.137
2.548 -1.626
3.144 0.32
3.07 -0.722
-0.926 -3.407
2.195 -4.29
4.232 -1.487
-3.853 -1.042
3.878 2.131
-3.761 -1.126
4.874 3.592
4.374 -0.259
0.907 0.333
0.776 3.964
-4.007 2.81
-4.733 2.149
-1.752 -4.687
1.727 2.8
-0.548 -1.947
1.93 -4.163
2.507 4.302
-3.887 0.347
-0.522 4.921
-2.492 -1.837
1.493 1.8
2.568 1.218
2.608 3.291
-0.964 -2.017
2.395 -1.766
-3.167 -3.029
4.427 -2.572
-3.084 1.718
-2.101 3.229
-2.908 2.481
4.684 -4.681
-2.63 1.586
-1.328 -1.281
4.749 -4.134
-4.424 -0.897
3.152 2.484
-3.919 -1.426
-2.964 -0.503
1.837 -1.896
-1.656 3.742
3.14 0.222
1.314 2.742
1.815 -1.78
0.695 -4.211
2.941 -3.564
-4.0 -1.304
-4.082 -1.861
-2.479 0.508
2.94 -4.035
1.011 4.131
-4.247 0.885
2.69 4.256
-4.005 -1.422
3.615 -2.506
4.534 1.413
-4.93 1.938
-3.833 4.181
1.066 -0.698
-0.525 4.16
1.647 -2.478
4.244 0.617
-2.402 1.029
4.998 -4.605
-0.945 -0.173
2.49 2.297
0.751 -1.942
-3.83 -0.459
0.999 -3.369
3.102 3.791
-0.539 -1.062
-1.198 -1.427
2.631 4.91
3.146 2.312
3.748 -4.548
-2.939 -2.781
1.26 -4.923
-0.951 -4.911
1.341 -0.215
-0.487 1.289
2.26 3.178
0.678 1.452
-1.998 0.602
0.734 3.747
4.287 0.021
-0.641 -2.847
-0.232 -1.218
-1.141 -0.445
-1.106 -1.027
0.204 4.12
0.536 1.159
1.66 -1.192
3.658 4.946
1.632 0.628
-3.95 -4.22
3.447 -4.16
-2.652 -2.055
-1.089 -0.019
-0.066 4.942
-0.397 -3.03
3.645 -0.312
-3.895 1.977
0.86 1.699
-0.501 4.392
0.912 -0.589
-1.486 -4.305
1.234 -3.167
-3.588 -2.697
-1.172 1.432
4.689 2.049
-1.263 3.419
-4.569 4.408
4.182 0.413
1.509 1.754
3.377 4.354
-2.869 3.824
-1.789 1.696
0.925 3.785
-0.68 -4.243
-2.375 -4.129
4.615 -0.4
-1.63 4.18
4.207 4.676
-3.662 -1.983
4.939 2.223
-2.742 0.393
3.769 -1.024
-4.146 -2.937
-1.189 -3.935
-2.671 4.559
2.184 2.736
2.186 -3.167
2.319 -3.434
3.632 -1.703
4.397 -2.039
-4.895 -3.625
-0.909 3.322
-2.585 -2.431
1.317 -4.976
1.996 -3.403
-0.767 1.748
-2.461 2.304
-0.821 -3.662
4.498 0.018
2.741 -0.98
4.614 -2.611
0.525 2.209
-4.458 -0.838
4.505 0.817
1.808 3.084
-0.73 -2.149
-2.276 -4.07
-2.332 4.003
4.133 -2.268
-3.402 3.814
2.532 3.578
0.133 -2.641
-3.763 2.038
-1.409 0.838
-0.378 0.485
2.512 -1.671
-2.941 -2.337
-1.714 2.216
-0.043 2.829
-3.088 3.581
2.991 0.779
2.758 0.808
-0.407 -1.576
-4.319 -2.765
-4.851 -3.881
1.353 -1.087
-1.673 -3.747
-4.753 -0.391
-1.315 -2.609
1.049 -3.054
0.662 1.594
-4.859 2.4
-1.216 -1.524
-4.498 -3.553
2.285 0.506
4.574 3.512
-1.57 5.0
0.96 -2.272
0.835 -0.682
0.747 2.576
3.255 -2.87
-3.103 4.798
-0.499 4.951
3.986 1.898
-0.537 1.08
-0.778 -2.364
3.767 0.593
-0.193 4.644
-0.503 1.896
3.228 -1.747
-4.14 -1.168
-2.591 0.639
0.653 1.017
-4.243 -1.738
4.812 -4.336
-4.591 2.025
-0.768 -4.644
3.477 4.68
-4.03 2.732
-3.513 1.066
4.224 -0.274
-0.839 -2.0
-0.414 -3.644
-3.484 1.551
-2.412 -4.864
2.04 3.265
0.944 -3.099
0.991 -1.917
0.885 2.566
1.546 0.849
-0.784 -2.437
-2.105 -1.741
0.866 4.288
-2.928 -2.129
1.044 -3.108
3.72 0.558
-0.377 4.822
3.162 0.724
-2.261 2.133
0.496 0.555
3.579 -1.859
-2.688 -2.099
2.99 -3.643
2.87 -0.127
-2.046 0.366
2.389 -4.993
3.175 -4.8
1.543 -3.39
4.402 -4.369
-2.114 -2.309
4.699 1.986
-3.946 3.203
-0.276 -3.792
4.85 4.772
4.678 -4.11
0.934 3.273
-4.762 -0.04
-2.096 -4.971
4.51 3.824
-3.986 0.715
-3.359 -3.777
-1.678 -3.83
0.413 2.178
-0.456 4.432
-0.669 -0.134
-3.503 0.199
-4.582 1.28
3.235 -2.876
-3.491 1.874
1.592 0.443
0.11 -0.122
-1.317 -0.269
-1.296 -1.551
4.426 -4.164
4.717 2.824
0.194 0.78
2.43 2.512
3.614 3.402
-4.674 -1.636
1.851 -1.096
-2.868 -4.251
3.867 -2.806
-3.336 2.937
-1.718 4.692
3.149 -0.197
-2.578 3.007
2.583 -2.576
-3.558 3.365
-0.932 -3.881
-4.624 4.838
4.64 2.332
3.835 4.326
-0.978 -0.886
1.415 0.334
-0.053 4.64
-2.109 -0.327
1.396 -4.529
-4.576 1.628
-3.104 3.386
2.545 2.519
1.424 -4.667
3.168 -4.056
-3.125 -0.545
0.954 3.992
-1.368 -0.196
0.093 2.03
-2.551 -1.55
4.011 -0.328
-2.755 3.922
-1.022 -1.534
3.988 0.801
0.267 -1.044
2.158 -1.108
1.873 -3.498
3.234 -2.324
1.253 -4.639
2.896 4.925
2.768 -3.732
0.731 2.07
-3.915 2.526
4.865 -3.574
-1.276 -0.64
-4.298 4.999
-0.017 2.995
4.468 4.447
2.786 -4.97
-3.364 -2.035
4.009 -0.833
2.866 -0.542
-4.498 -4.216
1.593 4.843
3.14 -2.203
4.34 -3.343
0.035 3.517
-0.299 -4.969
2.916 -4.588
-4.482 -2.908
0.748 0.617
1.444 3.768
4.612 2.271
-2.204 3.773
-3.712 1.799
-4.386 -2.996
-2.556 0.466
1.283 4.232
-2.258 3.597
1.919 -1.613
2.525 -4.681
-4.228 -2.633
0.336 2.535
1.417 1.174
1.692 3.891
3.973 -2.069
-3.113 -0.042
2.812 0.674
0.153 4.183
-4.275 4.197
0.587 3.456
-3.129 -3.957
-2.801 0.926
-3.446 -3.637
4.577 3.772
0.704 1.142
-2.886 0.707
2.374 -1.426
0.286 0.709
0.07 -1.962
-1.051 3.843
-1.197 -0.259
4.656 -2.195
3.284 -2.702
0.142 -2.255
-1.203 -2.428
3.226 -4.686
-1.15 -2.087
3.12 3.442
-3.998 2.391
0.87 2.005
-0.123 1.873
-1.785 3.886
-3.516 -3.064
-1.685 2.493
0.979 -2.936
4.638 3.171
-3.327 2.33
0.09 0.54
0.892 1.624
1.492 -3.635
-1.322 0.272
-0.759 0.94
0.636 2.919
-4.858 4.65
3.416 2.894
-2.924 4.598
-0.803 -1.87
3.149 0.626
4.508 3.625
-3.536 4.991
-3.403 -4.985
0.039 -1.168
-2.87 -4.347
1.464 2.583
3.191 -4.514
2.89 -0.188
-4.362 2.026
-4.104 4.18
3.177 1.625
3.057 -1.717
4.364 -3.386
-2.152 3.542
-0.16 2.792
-2.969 0.506
-0.845 -0.659
-2.587 -4.132
2.719 -1.303
2.721 -1.951
-4.666 -1.669
-0.529 4.183
-1.821 -4.606
-1.0 2.212
-1.109 -4.582
3.912 -1.399
-4.71 -4.228
-0.017 0.013
-1.044 -4.35
4.726 -2.456
1.154 -2.936
-4.153 2.104
4.777 -3.979
-2.385 4.821
4.424 4.971
0.266 1.751
3.765 0.0
3.927 4.843
-1.543 1.918
-3.114 -0.466
-2.962 4.543
2.038 1.313
3.926 -1.308
3.408 -0.442
-2.059 -4.002
2.396 2.028
0.465 -1.745
0.376 -4.141
2.306 1.793
-3.273 0.501
3.488 0.355
-0.479 1.634
-1.799 -3.444
3.782 1.615
2.885 -3.71
3.596 2.956
-4.25 -4.002
-1.529 -1.262
-2.282 1.13
3.166 -1.763
3.143 -0.592
-3.526 -0.885
-1.77 1.105
2.613 -0.051
4.898 -0.359
0.027 -2.237
-4.239 0.095
-3.705 -2.954
0.697 3.323
-4.132 0.217
-0.566 -0.324
-3.527 2.655
3.327 -1.273
1.305 2.652
-1.175 1.56
2.136 4.498
0.087 -4.112
0.928 -3.138
1.716 3.297
1.54 -1.359
0.532 -0.418
4.083 0.776
2.187 -1.181
-2.819 -0.052
3.088 -0.253
-2.841 -2.35
-1.622 4.946
-0.659 4.776
0.617 4.688
-1.068 2.454
-3.148 2.922
-4.079 0.64
1.044 3.069
-1.239 -4.93
2.743 -2.856
-3.573 -2.286
-2.069 -3.925
-2.145 2.725
-1.088 0.413
-0.17 3.286
-4.559 2.956
-3.801 -1.025
-4.876 -1.195
0.172 0.945
2.489 -0.527
-0.782 -2.664
4.633 -2.185
-3.153 2.208
4.506 1.935
-0.48 2.983
-3.298 4.796
-4.431 3.223
-3.107 -0.928
1.597 -3.803
-2.304 -1.467
-3.557 -2.666
-1.899 0.607
2.755 -4.634
-1.809 3.805
1.218 -2.935
2.729 -4.069
3.317 -3.707
0.11 2.254
1.016 1.493
4.188 4.448
-1.781 2.266
-4.438 -4.621
-2.4 -4.229
2.638 0.805
-4.24 3.76
-2.128 -3.449
0.012 -1.968
-2.314 -4.826
-0.392 -3.625
1.534 1.261
0.254 -0.963
-1.502 0.301
-1.336 -4.477
-0.33 4.683
-1.73 2.963
2.08 -0.665
-3.588 3.19
-3.269 1.384
-3.261 4.002
2.791 -0.531
-0.071 2.596
-2.619 -0.353
-4.091 4.356
2.725 2.828
-0.998 3.09
-1.557 -1.183
-4.58 -4.061
-3.785 -4.258
3.682 4.527
2.444 -1.971
1.869 -2.689
4.983 1.635
-1.464 3.361
3.878 -4.888
3.74 0.232
-1.614 -0.245
2.09 4.388
0.997 4.481
-2.798 -0.206
0.045 4.18
-4.142 1.839
0.703 -2.525
-4.772 -4.076
4.83 3.028
4.017 -1.022
4.05 0.651
3.188 -2.625
-0.378 -2.638
3.122 4.214
0.848 -3.952
1.551 2.34
1.366 -0.141
4.154 -1.869
-2.384 1.819
-0.295 1.667
0.611 1.042
-1.584 -1.418
-4.461 2.254
-3.542 -3.388
3.407 -2.878
0.453 -4.159
-1.833 -1.445
-3.557 -1.622
-2.229 3.339
-3.901 2.115
-1.292 -1.297
-0.277 -3.437
-1.89 3.547
-4.262 -0.596
-4.212 3.876
2.635 -2.367
3.837 -3.702
-1.323 0.785
-2.604 -4.996
-0.787 -0.64
2.321 0.11
0.268 2.926
1.691 3.417
-3.286 -3.838
2.031 0.782
2.803 4.963
-1.233 0.717
-4.649 -4.999
1.685 -0.785
-1.714 -3.568
-0.267 3.093
3.54 3.255
-4.329 -0.839
-1.32 -1.548
0.788 0.346
-4.536 0.881
4.357 2.177
0.042 3.886
-0.38 -1.984
-1.507 -3.108
-1.165 -3.282
2.51 2.7
-1.037 -0.629
-4.627 -4.605
4.143 4.598
-2.466 3.578
2.994 3.713
-2.528 4.039
3.463 2.779
4.991 -4.47
-3.96 0.773
3.401 2.906
-3.794 3.235
0.541 -2.093
4.234 -1.669
-3.711 4.524
3.739 0.486
-2.716 -2.669
-4.041 2.858
2.412 -0.783
1.121 3.634
-4.478 2.425
-2.492 2.47
-2.723 3.936
4.87 -4.286
-0.125 0.561
4.631 1.834
-3.131 -2.516
-2.955 -3.521
-2.561 -0.27
0.684 4.389
4.619 0.59
4.677 1.333
4.284 3.873
-3.038 -4.338
-1.698 -2.489
-1.653 0.605
-1.117 2.597
4.787 3.48
-4.372 3.143
3.095 -4.541
-1.193 -2.757
1.811 -1.409
0.917 0.722
-1.523 -4.67
4.486 0.814
2.746 -3.682
-4.52 -4.959
0.644 -2.564
2.572 -4.925
4.54 -1.135
1.914 -1.749
-0.573 2.882
3.933 1.506
1.645 1.212
-4.799 -0.507
4.82 3.495
-2.813 -0.918
1.785 -1.229
1.64 -3.127
3.904 1.666
1.018 1.247
4.091 -0.146
-1.827 -0.447
-4.067 -3.979
0.353 -1.075
0.601 1.706
1.622 1.686
0.804 2.335
-2.713 1.802
-1.495 4.297
0.081 -2.549
4.845 1.098
-3.495 -3.539
-3.293 -2.626
-4.323 1.186
-3.242 -2.282
-1.145 -2.143
3.215 -0.49
4.452 2.966
1.923 0.807
-3.111 4.367
2.18 3.989
0.84 -2.371
-0.897 -0.893
4.439 0.007
-0.469 4.672
-2.917 -4.905
-4.769 4.483
3.702 -2.785
-0.424 -4.621
-0.532 1.204
4.238 -3.162
-4.509 2.097
3.831 -2.618
-2.695 1.977
-3.613 -2.567
2.63 -0.09
3.931 0.763
2.725 -3.217
-2.323 4.237
-4.467 -2.225
-0.401 3.139
-2.096 2.851
-4.101 -4.779
-3.478 2.242
-4.894 -1.171
-2.977 2.386
-4.067 -1.257
4.719 -3.697
-3.326 1.661
3.637 -4.544
-1.278 -2.73
1.248 -0.163
-4.614 -1.5
4.266 -0.453
-4.617 -3.35
-1.516 -0.671
0.0 -0.918
2.013 -3.047
-0.617 2.291
3.737 2.314
4.196 -1.531
-4.413 -2.777
-3.034 -2.25
-1.499 -3.815
-3.178 -2.171
-2.513 1.188
-0.801 2.502
-3.641 2.849
-4.068 -1.391
0.083 3.663
1.614 -2.062
3.937 -2.51
2.137 -2.175
-0.241 -4.148
1.372 -2.061
4.477 -0.608
-1.873 -2.547
4.815 -1.257
-1.534 1.701
0.015 -2.418
-1.321 2.473
3.111 -0.249
4.312 1.466
1.206 0.163
-2.799 1.047
3.539 -3.625
3.067 2.361
-3.792 2.39
3.804 0.468
0.764 -2.808
0.572 1.824
0.536 3.016
1.93 -4.404
-2.647 0.037
0.69 0.816
-2.881 -4.565
0.945 0.278
-1.546 0.578
3.981 0.784
-1.488 0.642
1.988 2.631
1.588 4.633
-3.362 -4.371
-2.01 2.263
1.985 2.029
1.411 -0.447
1.139 -2.294
0.791 -0.786
-3.742 -3.839
-2.253 3.161
-0.054 -3.143
1.35 4.374
2.793 -0.226
2.726 1.11
2.629 -0.879
3.34 -3.332
-0.454 -4.832
-1.756 -4.037
-4.839 1.24
2.485 -3.415
-0.897 -4.996
4.732 0.355
-4.895 -1.028
0.749 0.855
1.246 2.087
-4.164 -4.694
0.393 3.683
1.32 -3.933
2.421 -1.093
-3.43 -4.358
-2.16 -1.079
4.167 0.285
-4.949 0.377
2.692 -3.279
-4.645 4.613
0.786 3.902
-1.363 0.525
-3.728 2.157
0.862 -4.864
-4.759 4.25
1.181 -1.641
3.11 -3.499
-3.657 1.651
-2.458 -4.557
-2.061 2.047
0.104 -2.522
2.964 -4.523
4.966 -1.242
0.932 1.982
-2.365 2.434
-1.763 -0.713
-2.806 -4.156
-1.268 -2.526
-3.771 1.35
2.889 1.291
-4.059 -2.502
1.673 1.638
-3.793 -1.012
4.481 -1.924
-2.886 -3.595
0.906 2.257
-3.606 1.143
4.303 2.406
-0.153 2.338
-4.905 -4.607
1.217 -3.899
-4.683 -4.556
-3.948 3.051
3.166 -0.483
3.905 4.894
-1.933 4.874
3.887 -2.723
-4.099 3.59
1.761 0.254
-2.119 4.36
-2.189 -0.803
-2.371 -3.15
-2.369 -0.942
3.406 -0.957
-4.05 0.833
-2.308 4.068
2.333 4.267
3.209 -4.314
-3.326 -4.352
-4.033 3.099
-4.108 -4.591
-4.682 2.935
4.783 -3.085
-1.47 -2.849
4.983 -3.119
-4.471 3.374
3.337 1.564
2.821 -4.111
1.053 4.653
1.797 -1.967
1.055 3.982
1.02 1.737
-4.355 4.002
-0.437 0.525
-1.211 -2.958
-3.387 1.56
-0.166 1.361
2.376 -3.258
-0.764 1.76
-1.031 4.902
-1.443 -0.043
-0.151 1.85
-1.954 2.954
1.974 -0.795
-4.541 -3.428
3.209 -1.08
-2.102 -3.423
1.081 4.671
1.769 -3.353
-3.79 3.921
0.57 2.841
